0.00,0.00,255,0,0
1.00,0.00,255,0,0
2.00,0.00,255,0,0
3.00,0.00,255,0,0
4.00,0.00,255,0,0
5.00,0.00,255,0,0
6.00,0.00,255,0,0
7.00,0.00,255,0,0
8.00,0.00,255,0,0
9.00,0.00,255,0,0
10.00,0.00,0,255,0
11.00,0.00,0,255,0
12.00,0.00,0,255,0
13.00,0.00,0,255,0
14.00,0.00,0,255,0
15.00,0.00,0,255,0
16.00,0.00,0,255,0
17.00,0.00,0,255,0
18.00,0.00,0,255,0
19.00,0.00,0,255,0
20.00,0.00,0,0,255
21.00,0.00,0,0,255
22.00,0.00,0,0,255
23.00,0.00,0,0,255
24.00,0.00,0,0,255
25.00,0.00,0,0,255
26.00,0.00,0,0,255
27.00,0.00,0,0,255
28.00,0.00,0,0,255
29.00,0.00,0,0,255