0.00,0.00,255,255,255
1.00,0.00,255,255,255
2.00,0.00,255,255,255
3.00,0.00,255,255,255
4.00,0.00,255,255,255
5.00,0.00,255,255,255
6.00,0.00,255,255,255
7.00,0.00,255,255,255
8.00,0.00,255,255,255
9.00,0.00,255,255,255
10.00,0.00,255,255,255
11.00,0.00,255,255,255
12.00,0.00,255,255,255
13.00,0.00,255,255,255
14.00,0.00,255,255,255
15.00,0.00,255,255,255
16.00,0.00,255,255,255
17.00,0.00,255,255,255
18.00,0.00,255,255,255
19.00,0.00,255,255,255
20.00,0.00,255,255,255
21.00,0.00,255,255,255
22.00,0.00,255,255,255
23.00,0.00,255,255,255
24.00,0.00,255,255,255
25.00,0.00,255,255,255
26.00,0.00,255,255,255
27.00,0.00,255,255,255
28.00,0.00,255,255,255
29.00,0.00,255,255,255
30.00,0.00,255,255,255
31.00,0.00,255,255,255
32.00,0.00,255,255,255
33.00,0.00,255,255,255
34.00,0.00,255,255,255
35.00,0.00,255,255,255
36.00,0.00,255,255,255
37.00,0.00,255,255,255
38.00,0.00,255,255,255
39.00,0.00,255,255,255
40.00,0.00,255,255,255
41.00,0.00,255,255,255
42.00,0.00,255,255,255
43.00,0.00,255,255,255
44.00,0.00,255,255,255
45.00,0.00,255,255,255
46.00,0.00,255,255,255
47.00,0.00,255,255,255
48.00,0.00,255,255,255
49.00,0.00,255,255,255
50.00,0.00,255,255,255
51.00,0.00,255,255,255
52.00,0.00,255,255,255
53.00,0.00,255,255,255
54.00,0.00,255,255,255
55.00,0.00,255,255,255
56.00,0.00,255,255,255
57.00,0.00,255,255,255
58.00,0.00,255,255,255
59.00,0.00,255,255,255
60.00,0.00,255,255,255
61.00,0.00,255,255,255
62.00,0.00,255,255,255
63.00,0.00,255,255,255
1.00,90.00,255,255,255
1.41,45.00,255,190,190
2.24,26.57,255,175,175
3.16,18.43,255,160,160
4.12,14.04,255,143,143
5.10,11.31,255,127,126
6.08,9.46,255,110,109
7.07,8.13,255,96,92
8.06,7.13,255,83,76
9.06,6.34,255,72,61
10.05,5.71,255,65,47
11.05,5.19,255,62,36
12.04,4.76,255,62,26
13.04,4.40,255,65,18
14.04,4.09,255,72,12
15.03,3.81,255,82,7
16.03,3.58,255,96,3
17.03,3.37,255,111,1
18.03,3.18,254,128,0
19.03,3.01,252,145,0
20.02,2.86,248,162,0
21.02,2.73,243,179,0
22.02,2.60,237,194,0
23.02,2.49,229,208,0
24.02,2.39,219,219,0
25.02,2.29,208,229,0
26.02,2.20,194,237,0
27.02,2.12,179,243,0
28.02,2.05,163,248,0
29.02,1.97,146,252,0
30.02,1.91,128,254,1
31.02,1.85,110,255,3
32.02,1.79,93,255,7
33.02,1.74,76,255,12
34.01,1.68,61,255,18
35.01,1.64,47,255,26
36.01,1.59,36,255,36
37.01,1.55,26,255,47
38.01,1.51,18,255,61
39.01,1.47,12,255,76
40.01,1.43,7,255,92
41.01,1.40,3,255,109
42.01,1.36,1,254,127
43.01,1.33,0,252,145
44.01,1.30,0,248,162
45.01,1.27,0,243,179
46.01,1.25,0,237,194
47.01,1.22,0,229,208
48.01,1.19,0,219,219
49.01,1.17,0,208,229
50.01,1.15,0,194,237
51.01,1.12,0,179,243
52.01,1.10,0,163,248
53.01,1.08,0,146,252
54.01,1.06,1,128,254
55.01,1.04,3,110,255
56.01,1.02,6,93,255
57.01,1.01,10,76,255
58.01,0.99,13,61,255
59.01,0.97,17,47,255
60.01,0.95,22,36,255
61.01,0.94,26,26,255
62.01,0.92,31,18,255
63.01,0.91,255,255,255
2.00,90.00,255,255,255
2.24,63.43,255,188,188
2.83,45.00,255,174,174
3.61,33.69,255,158,158
4.47,26.57,255,142,142
5.39,21.80,255,125,125
6.32,18.43,255,109,108
7.28,15.95,255,95,91
8.25,14.04,255,82,75
9.22,12.53,255,72,60
10.20,11.31,255,65,47
11.18,10.30,255,62,35
12.17,9.46,255,62,25
13.15,8.75,255,66,17
14.14,8.13,255,73,11
15.13,7.59,255,83,6
16.12,7.13,255,96,3
17.12,6.71,255,112,1
18.11,6.34,253,129,0
19.10,6.01,251,146,0
20.10,5.71,248,164,0
21.10,5.44,243,180,0
22.09,5.19,236,195,0
23.09,4.97,228,208,0
24.08,4.76,218,220,0
25.08,4.57,207,230,0
26.08,4.40,193,238,0
27.07,4.24,178,244,0
28.07,4.09,162,249,0
29.07,3.95,144,252,0
30.07,3.81,127,254,2
31.06,3.69,109,255,4
32.06,3.58,91,255,7
33.06,3.47,75,255,12
34.06,3.37,60,255,19
35.06,3.27,47,255,27
36.06,3.18,35,255,37
37.05,3.09,25,255,48
38.05,3.01,17,255,62
39.05,2.94,11,255,77
40.05,2.86,6,255,93
41.05,2.79,3,255,111
42.05,2.73,1,253,128
43.05,2.66,0,251,146
44.05,2.60,0,248,164
45.04,2.54,0,243,180
46.04,2.49,0,236,195
47.04,2.44,0,228,208
48.04,2.39,0,218,220
49.04,2.34,0,207,230
50.04,2.29,0,193,238
51.04,2.25,0,178,244
52.04,2.20,0,162,249
53.04,2.16,0,144,252
54.04,2.12,2,127,254
55.04,2.08,4,109,255
56.04,2.05,7,91,255
57.04,2.01,10,75,255
58.03,1.97,14,60,255
59.03,1.94,18,47,255
60.03,1.91,22,35,255
61.03,1.88,27,25,255
62.03,1.85,32,17,255
63.03,1.82,255,255,255
3.00,90.00,255,255,255
3.16,71.57,255,186,186
3.61,56.31,255,172,172
4.24,45.00,255,157,157
5.00,36.87,255,140,140
5.83,30.96,255,124,123
6.71,26.57,255,108,106
7.62,23.20,255,94,90
8.54,20.56,255,81,74
9.49,18.43,255,71,59
10.44,16.70,255,65,46
11.40,15.26,255,62,34
12.37,14.04,255,62,25
13.34,12.99,255,66,17
14.32,12.09,255,73,11
15.30,11.31,255,84,6
16.28,10.62,255,97,3
17.26,10.01,254,113,1
18.25,9.46,253,130,0
19.24,8.97,251,147,0
20.22,8.53,247,165,0
21.21,8.13,242,181,0
22.20,7.77,236,196,0
23.19,7.43,228,209,0
24.19,7.13,218,221,0
25.18,6.84,206,230,0
26.17,6.58,192,238,0
27.17,6.34,177,244,0
28.16,6.12,161,249,0
29.15,5.91,143,252,1
30.15,5.71,125,254,2
31.14,5.53,108,255,4
32.14,5.36,90,255,8
33.14,5.19,74,255,13
34.13,5.04,59,255,19
35.13,4.90,46,255,27
36.12,4.76,34,255,37
37.12,4.64,25,255,49
38.12,4.51,17,255,63
39.12,4.40,11,255,78
40.11,4.29,6,255,94
41.11,4.18,3,254,112
42.11,4.09,1,253,130
43.10,3.99,0,251,147
44.10,3.90,0,247,165
45.10,3.81,0,242,181
46.10,3.73,0,236,196
47.10,3.65,0,228,209
48.09,3.58,0,218,221
49.09,3.50,0,206,230
50.09,3.43,0,192,238
51.09,3.37,0,177,244
52.09,3.30,0,161,249
53.08,3.24,1,143,252
54.08,3.18,2,125,254
55.08,3.12,4,108,255
56.08,3.07,7,90,255
57.08,3.01,11,74,255
58.08,2.96,15,59,255
59.08,2.91,19,46,255
60.07,2.86,23,34,255
61.07,2.82,28,25,255
62.07,2.77,33,17,255
63.07,2.73,255,255,255
4.00,90.00,255,255,255
4.12,75.96,255,185,185
4.47,63.43,255,170,170
5.00,53.13,255,155,155
5.66,45.00,255,139,139
6.40,38.66,255,123,122
7.21,33.69,255,107,105
8.06,29.74,255,93,89
8.94,26.57,255,81,73
9.85,23.96,255,71,58
10.77,21.80,255,64,45
11.70,19.98,255,61,33
12.65,18.43,255,62,24
13.60,17.10,255,66,16
14.56,15.95,255,74,10
15.52,14.93,255,85,6
16.49,14.04,255,98,3
17.46,13.24,254,114,1
18.44,12.53,253,131,0
19.42,11.89,251,149,0
20.40,11.31,247,166,0
21.38,10.78,242,182,0
22.36,10.30,235,197,0
23.35,9.87,227,210,0
24.33,9.46,217,222,0
25.32,9.09,205,231,0
26.31,8.75,191,239,0
27.29,8.43,176,245,0
28.28,8.13,159,249,0
29.27,7.85,142,252,1
30.27,7.59,124,254,2
31.26,7.35,106,255,4
32.25,7.13,89,255,8
33.24,6.91,73,255,13
34.23,6.71,58,255,20
35.23,6.52,45,255,28
36.22,6.34,33,255,38
37.22,6.17,24,255,50
38.21,6.01,16,255,64
39.20,5.86,10,255,79
40.20,5.71,6,255,96
41.19,5.57,3,254,113
42.19,5.44,1,253,131
43.19,5.31,0,251,149
44.18,5.19,0,247,166
45.18,5.08,0,242,182
46.17,4.97,0,235,197
47.17,4.86,0,227,210
48.17,4.76,0,217,222
49.16,4.67,0,205,231
50.16,4.57,0,191,239
51.16,4.48,0,176,245
52.15,4.40,0,159,249
53.15,4.32,1,142,252
54.15,4.24,2,124,254
55.15,4.16,4,106,255
56.14,4.09,7,89,255
57.14,4.01,11,73,255
58.14,3.95,15,58,255
59.14,3.88,19,45,255
60.13,3.81,24,33,255
61.13,3.75,29,24,255
62.13,3.69,34,16,255
63.13,3.63,255,255,255
5.00,90.00,255,255,255
5.10,78.69,255,183,183
5.39,68.20,255,169,169
5.83,59.04,255,153,153
6.40,51.34,255,137,137
7.07,45.00,255,121,121
7.81,39.81,255,106,104
8.60,35.54,255,92,87
9.43,32.01,255,80,72
10.30,29.05,255,70,57
11.18,26.57,255,64,44
12.08,24.44,255,61,33
13.00,22.62,255,62,23
13.93,21.04,255,66,16
14.87,19.65,255,74,10
15.81,18.43,255,85,5
16.76,17.35,255,99,2
17.72,16.39,254,115,1
18.68,15.52,253,132,0
19.65,14.74,251,150,0
20.62,14.04,247,167,0
21.59,13.39,242,183,0
22.56,12.80,235,198,0
23.54,12.26,226,211,0
24.52,11.77,216,222,0
25.50,11.31,204,232,0
26.48,10.89,190,239,0
27.46,10.49,175,245,0
28.44,10.12,158,250,0
29.43,9.78,141,253,1
30.41,9.46,123,254,2
31.40,9.16,105,255,4
32.39,8.88,88,255,8
33.38,8.62,72,255,13
34.37,8.37,57,255,20
35.36,8.13,44,255,29
36.35,7.91,33,255,39
37.34,7.70,23,255,51
38.33,7.50,16,255,65
39.32,7.31,10,255,80
40.31,7.13,5,255,97
41.30,6.95,2,254,114
42.30,6.79,1,253,132
43.29,6.63,0,251,150
44.28,6.48,0,247,167
45.28,6.34,0,242,183
46.27,6.20,0,235,198
47.27,6.07,0,226,211
48.26,5.95,0,216,222
49.25,5.83,0,204,232
50.25,5.71,0,190,239
51.24,5.60,0,175,245
52.24,5.49,0,158,250
53.24,5.39,1,141,253
54.23,5.29,2,123,254
55.23,5.19,4,105,255
56.22,5.10,8,88,255
57.22,5.01,11,72,255
58.22,4.93,16,57,255
59.21,4.84,20,44,255
60.21,4.76,25,33,255
61.20,4.69,30,23,255
62.20,4.61,35,16,255
63.20,4.54,255,255,255
6.00,90.00,255,255,255
6.08,80.54,255,182,182
6.32,71.57,255,167,167
6.71,63.43,255,152,152
7.21,56.31,255,136,136
7.81,50.19,255,120,119
8.49,45.00,255,105,103
9.22,40.60,255,91,86
10.00,36.87,255,79,71
10.82,33.69,255,70,56
11.66,30.96,255,64,43
12.53,28.61,255,61,32
13.42,26.57,255,62,23
14.32,24.78,255,67,15
15.23,23.20,255,75,9
16.16,21.80,255,86,5
17.09,20.56,255,100,2
18.03,19.44,254,116,1
18.97,18.43,253,133,0
19.92,17.53,250,151,0
20.88,16.70,247,168,0
21.84,15.95,241,184,0
22.80,15.26,234,199,0
23.77,14.62,226,212,0
24.74,14.04,216,223,0
25.71,13.50,203,232,0
26.68,12.99,190,240,0
27.66,12.53,174,246,0
28.64,12.09,157,250,0
29.61,11.69,140,253,1
30.59,11.31,122,254,2
31.58,10.95,104,255,5
32.56,10.62,87,255,8
33.54,10.30,71,255,14
34.53,10.01,56,255,21
35.51,9.73,43,255,29
36.50,9.46,32,255,39
37.48,9.21,23,255,52
38.47,8.97,15,255,65
39.46,8.75,9,255,81
40.45,8.53,5,255,98
41.44,8.33,2,254,115
42.43,8.13,1,253,133
43.42,7.94,0,250,151
44.41,7.77,0,247,168
45.40,7.59,0,241,184
46.39,7.43,0,234,199
47.38,7.28,0,226,212
48.37,7.13,0,216,223
49.37,6.98,0,203,232
50.36,6.84,0,190,240
51.35,6.71,0,174,246
52.35,6.58,0,157,250
53.34,6.46,1,140,253
54.33,6.34,2,122,254
55.33,6.23,5,104,255
56.32,6.12,8,87,255
57.31,6.01,12,71,255
58.31,5.91,16,56,255
59.30,5.81,21,43,255
60.30,5.71,25,32,255
61.29,5.62,30,23,255
62.29,5.53,35,15,255
63.29,5.44,255,255,255
7.00,90.00,255,255,255
7.07,81.87,255,180,180
7.28,74.05,255,166,166
7.62,66.80,255,151,151
8.06,60.26,255,135,135
8.60,54.46,255,119,118
9.22,49.40,255,104,102
9.90,45.00,255,90,85
10.63,41.19,255,78,70
11.40,37.87,255,69,55
12.21,34.99,255,63,43
13.04,32.47,255,61,32
13.89,30.26,255,62,22
14.76,28.30,255,67,15
15.65,26.57,255,75,9
16.55,25.02,255,87,5
17.46,23.63,255,101,2
18.38,22.38,254,117,1
19.31,21.25,253,134,0
20.25,20.22,250,152,0
21.19,19.29,246,169,0
22.14,18.43,241,185,0
23.09,17.65,234,200,0
24.04,16.93,225,212,0
25.00,16.26,215,223,0
25.96,15.64,203,233,0
26.93,15.07,189,240,0
27.89,14.53,173,246,0
28.86,14.04,156,250,0
29.83,13.57,139,253,1
30.81,13.13,121,254,2
31.78,12.72,103,255,5
32.76,12.34,86,255,9
33.73,11.98,70,255,14
34.71,11.63,55,255,21
35.69,11.31,43,255,30
36.67,11.00,32,255,40
37.66,10.71,22,255,52
38.64,10.44,15,255,66
39.62,10.18,9,255,82
40.61,9.93,5,255,99
41.59,9.69,2,254,116
42.58,9.46,1,253,134
43.57,9.25,0,250,152
44.55,9.04,0,246,169
45.54,8.84,0,241,185
46.53,8.65,0,234,200
47.52,8.47,0,225,212
48.51,8.30,0,215,223
49.50,8.13,0,203,233
50.49,7.97,0,189,240
51.48,7.82,0,173,246
52.47,7.67,0,156,250
53.46,7.52,1,139,253
54.45,7.39,2,121,254
55.44,7.25,5,103,255
56.44,7.13,8,86,255
57.43,7.00,12,70,255
58.42,6.88,16,55,255
59.41,6.77,21,43,255
60.41,6.65,26,32,255
61.40,6.55,31,22,255
62.39,6.44,36,15,255
63.39,6.34,255,255,255
8.00,90.00,255,255,255
8.06,82.87,255,180,180
8.25,75.96,255,166,166
8.54,69.44,255,150,150
8.94,63.43,255,134,134
9.43,57.99,255,118,118
10.00,53.13,255,103,101
10.63,48.81,255,90,85
11.31,45.00,255,78,70
12.04,41.63,255,69,55
12.81,38.66,255,63,42
13.60,36.03,255,61,31
14.42,33.69,255,62,22
15.26,31.61,255,67,15
16.12,29.74,255,75,9
17.00,28.07,255,87,5
17.89,26.57,255,101,2
18.79,25.20,254,117,1
19.70,23.96,253,135,0
20.62,22.83,250,152,0
21.54,21.80,246,169,0
22.47,20.85,241,185,0
23.41,19.98,234,200,0
24.35,19.18,225,213,0
25.30,18.43,215,224,0
26.25,17.74,203,233,0
27.20,17.10,189,240,0
28.16,16.50,173,246,0
29.12,15.95,156,250,0
30.08,15.42,138,253,1
31.05,14.93,120,254,2
32.02,14.47,103,255,5
32.98,14.04,86,255,9
33.96,13.63,70,255,14
34.93,13.24,55,255,21
35.90,12.88,42,255,30
36.88,12.53,31,255,40
37.85,12.20,22,255,52
38.83,11.89,15,255,66
39.81,11.59,9,255,82
40.79,11.31,5,255,99
41.77,11.04,2,254,117
42.76,10.78,1,253,135
43.74,10.54,0,250,152
44.72,10.30,0,246,169
45.71,10.08,0,241,185
46.69,9.87,0,234,200
47.68,9.66,0,225,213
48.66,9.46,0,215,224
49.65,9.27,0,203,233
50.64,9.09,0,189,240
51.62,8.91,0,173,246
52.61,8.75,0,156,250
53.60,8.58,1,138,253
54.59,8.43,2,120,254
55.58,8.28,5,103,255
56.57,8.13,8,86,255
57.56,7.99,12,70,255
58.55,7.85,17,55,255
59.54,7.72,21,42,255
60.53,7.59,26,31,255
61.52,7.47,31,22,255
62.51,7.35,36,15,255
63.51,7.24,255,255,255
9.00,90.00,255,255,255
9.06,83.66,255,180,180
9.22,77.47,255,166,166
9.49,71.57,255,150,150
9.85,66.04,255,134,134
10.30,60.95,255,118,118
10.82,56.31,255,103,101
11.40,52.13,255,89,85
12.04,48.37,255,78,69
12.73,45.00,255,69,55
13.45,41.99,255,63,42
14.21,39.29,255,61,31
15.00,36.87,255,62,22
15.81,34.70,255,67,15
16.64,32.74,255,76,9
17.49,30.96,255,87,5
18.36,29.36,255,101,2
19.24,27.90,254,117,1
20.12,26.57,253,135,0
21.02,25.35,250,152,0
21.93,24.23,246,170,0
22.85,23.20,241,186,0
23.77,22.25,234,200,0
24.70,21.37,225,213,0
25.63,20.56,215,224,0
26.57,19.80,203,233,0
27.51,19.09,188,240,0
28.46,18.43,173,246,0
29.41,17.82,156,250,0
30.36,17.24,138,253,1
31.32,16.70,120,254,2
32.28,16.19,103,255,5
33.24,15.71,85,255,9
34.21,15.26,69,255,14
35.17,14.83,55,255,21
36.14,14.42,42,255,30
37.11,14.04,31,255,40
38.08,13.67,22,255,52
39.05,13.32,15,255,67
40.02,12.99,9,255,82
41.00,12.68,5,255,99
41.98,12.38,2,254,117
42.95,12.09,1,253,135
43.93,11.82,0,250,152
44.91,11.56,0,246,170
45.89,11.31,0,241,186
46.87,11.07,0,234,200
47.85,10.84,0,225,213
48.84,10.62,0,215,224
49.82,10.41,0,203,233
50.80,10.20,0,188,240
51.79,10.01,0,173,246
52.77,9.82,0,156,250
53.76,9.64,1,138,253
54.74,9.46,2,120,254
55.73,9.29,5,103,255
56.72,9.13,8,85,255
57.71,8.97,12,69,255
58.69,8.82,16,55,255
59.68,8.67,21,42,255
60.67,8.53,26,31,255
61.66,8.39,31,22,255
62.65,8.26,37,15,255
63.64,8.13,255,255,255
10.00,90.00,255,255,255
10.05,84.29,255,180,180
10.20,78.69,255,166,166
10.44,73.30,255,151,151
10.77,68.20,255,134,134
11.18,63.43,255,118,118
11.66,59.04,255,103,101
12.21,55.01,255,90,85
12.81,51.34,255,78,69
13.45,48.01,255,69,55
14.14,45.00,255,63,42
14.87,42.27,255,61,31
15.62,39.81,255,62,22
16.40,37.57,255,67,15
17.20,35.54,255,76,9
18.03,33.69,255,87,5
18.87,32.01,255,101,2
19.72,30.47,254,117,1
20.59,29.05,253,135,0
21.47,27.76,250,152,0
22.36,26.57,247,169,0
23.26,25.46,241,186,0
24.17,24.44,234,200,0
25.08,23.50,225,213,0
26.00,22.62,215,224,0
26.93,21.80,203,233,0
27.86,21.04,189,240,0
28.79,20.32,173,246,0
29.73,19.65,156,250,0
30.68,19.03,138,253,1
31.62,18.43,121,254,2
32.57,17.88,103,255,5
33.53,17.35,86,255,8
34.48,16.86,69,255,14
35.44,16.39,55,255,21
36.40,15.95,42,255,30
37.36,15.52,31,255,40
38.33,15.12,22,255,52
39.29,14.74,15,255,66
40.26,14.38,9,255,82
41.23,14.04,5,255,99
42.20,13.71,2,254,117
43.17,13.39,1,253,134
44.15,13.09,0,250,152
45.12,12.80,0,247,169
46.10,12.53,0,241,186
47.07,12.26,0,234,200
48.05,12.01,0,225,213
49.03,11.77,0,215,224
50.01,11.53,0,203,233
50.99,11.31,0,189,240
51.97,11.09,0,173,246
52.95,10.89,0,156,250
53.94,10.68,1,138,253
54.92,10.49,2,121,254
55.90,10.30,5,103,255
56.89,10.12,8,86,255
57.87,9.95,12,69,255
58.86,9.78,16,55,255
59.84,9.62,21,42,255
60.83,9.46,26,31,255
61.81,9.31,31,22,255
62.80,9.16,36,15,255
63.79,9.02,255,255,255
11.00,90.00,255,255,255
11.05,84.81,255,180,180
11.18,79.70,255,166,166
11.40,74.74,255,151,151
11.70,70.02,255,135,135
12.08,65.56,255,119,118
12.53,61.39,255,103,101
13.04,57.53,255,90,85
13.60,53.97,255,78,69
14.21,50.71,255,69,55
14.87,47.73,255,63,42
15.56,45.00,255,61,32
16.28,42.51,255,62,22
17.03,40.24,255,67,15
17.80,38.16,255,76,9
18.60,36.25,255,87,5
19.42,34.51,255,101,2
20.25,32.91,254,117,1
21.10,31.43,253,135,0
21.95,30.07,251,152,0
22.83,28.81,247,169,0
23.71,27.65,241,186,0
24.60,26.57,234,200,0
25.50,25.56,226,213,0
26.40,24.62,215,223,0
27.31,23.75,203,233,0
28.23,22.93,189,240,0
29.15,22.17,173,246,0
30.08,21.45,156,250,0
31.02,20.77,138,253,1
31.95,20.14,121,254,2
32.89,19.54,103,255,4
33.84,18.97,86,255,8
34.79,18.43,69,255,14
35.74,17.93,55,255,21
36.69,17.45,42,255,29
37.64,16.99,32,255,40
38.60,16.56,22,255,52
39.56,16.14,15,255,66
40.52,15.75,9,255,82
41.48,15.38,5,255,99
42.45,15.02,2,254,117
43.42,14.68,1,253,134
44.38,14.35,0,251,152
45.35,14.04,0,247,169
46.32,13.74,0,241,186
47.30,13.45,0,234,200
48.27,13.17,0,226,213
49.24,12.91,0,215,223
50.22,12.65,0,203,233
51.20,12.41,0,189,240
52.17,12.17,0,173,246
53.15,11.94,0,156,250
54.13,11.73,1,138,253
55.11,11.51,2,121,254
56.09,11.31,4,103,255
57.07,11.11,8,86,255
58.05,10.92,12,69,255
59.03,10.74,16,55,255
60.02,10.56,21,42,255
61.00,10.39,26,32,255
61.98,10.22,31,22,255
62.97,10.06,36,15,255
63.95,9.90,255,255,255
12.00,90.00,255,255,255
12.04,85.24,255,181,181
12.17,80.54,255,166,166
12.37,75.96,255,151,151
12.65,71.57,255,135,135
13.00,67.38,255,119,118
13.42,63.43,255,103,101
13.89,59.74,255,90,85
14.42,56.31,255,78,70
15.00,53.13,255,69,55
15.62,50.19,255,63,43
16.28,47.49,255,61,32
16.97,45.00,255,62,23
17.69,42.71,255,67,15
18.44,40.60,255,76,9
19.21,38.66,255,87,5
20.00,36.87,255,101,2
20.81,35.22,254,117,1
21.63,33.69,253,135,0
22.47,32.28,251,152,0
23.32,30.96,247,169,0
24.19,29.74,241,185,0
25.06,28.61,234,200,0
25.94,27.55,226,212,0
26.83,26.57,215,223,0
27.73,25.64,203,232,0
28.64,24.78,189,240,0
29.55,23.96,173,246,0
30.46,23.20,156,250,0
31.38,22.48,138,253,1
32.31,21.80,121,254,2
33.24,21.16,103,255,4
34.18,20.56,86,255,8
35.11,19.98,70,255,14
36.06,19.44,55,255,21
37.00,18.92,43,255,29
37.95,18.43,32,255,40
38.90,17.97,23,255,52
39.85,17.53,15,255,66
40.80,17.10,9,255,82
41.76,16.70,5,255,99
42.72,16.31,2,254,117
43.68,15.95,1,253,134
44.64,15.59,0,251,152
45.61,15.26,0,247,169
46.57,14.93,0,241,185
47.54,14.62,0,234,200
48.51,14.32,0,226,212
49.48,14.04,0,215,223
50.45,13.76,0,203,232
51.42,13.50,0,189,240
52.39,13.24,0,173,246
53.37,12.99,0,156,250
54.34,12.76,1,138,253
55.32,12.53,2,121,254
56.29,12.31,4,103,255
57.27,12.09,8,86,255
58.25,11.89,12,70,255
59.23,11.69,16,55,255
60.21,11.50,21,43,255
61.19,11.31,26,32,255
62.17,11.13,31,23,255
63.15,10.95,36,15,255
64.13,10.78,255,255,255
13.00,90.00,255,255,255
13.04,85.60,255,181,181
13.15,81.25,255,166,166
13.34,77.01,255,151,151
13.60,72.90,255,135,135
13.93,68.96,255,119,118
14.32,65.22,255,103,101
14.76,61.70,255,90,85
15.26,58.39,255,78,70
15.81,55.30,255,69,55
16.40,52.43,255,63,43
17.03,49.76,255,61,32
17.69,47.29,255,62,23
18.38,45.00,255,67,15
19.10,42.88,255,76,9
19.85,40.91,255,87,5
20.62,39.09,255,101,2
21.40,37.41,254,117,1
22.20,35.84,253,135,0
23.02,34.38,251,152,0
23.85,33.02,247,169,0
24.70,31.76,241,185,0
25.55,30.58,234,200,0
26.42,29.48,226,212,0
27.29,28.44,215,223,0
28.18,27.47,203,232,0
29.07,26.57,189,240,0
29.97,25.71,173,246,0
30.87,24.90,156,250,0
31.78,24.15,138,253,1
32.70,23.43,121,254,2
33.62,22.75,103,255,4
34.54,22.11,86,255,8
35.47,21.50,70,255,14
36.40,20.92,55,255,21
37.34,20.38,43,255,29
38.28,19.86,32,255,40
39.22,19.36,23,255,52
40.16,18.89,15,255,66
41.11,18.43,9,255,82
42.06,18.00,5,255,99
43.01,17.59,2,254,117
43.97,17.20,1,253,134
44.92,16.82,0,251,152
45.88,16.46,0,247,169
46.84,16.11,0,241,185
47.80,15.78,0,234,200
48.76,15.46,0,226,212
49.73,15.15,0,215,223
50.70,14.86,0,203,232
51.66,14.57,0,189,240
52.63,14.30,0,173,246
53.60,14.04,0,156,250
54.57,13.78,1,138,253
55.54,13.54,2,121,254
56.52,13.30,4,103,255
57.49,13.07,8,86,255
58.46,12.85,12,70,255
59.44,12.63,16,55,255
60.42,12.43,21,43,255
61.39,12.23,26,32,255
62.37,12.03,31,23,255
63.35,11.84,36,15,255
64.33,11.66,255,255,255
14.00,90.00,255,255,255
14.04,85.91,255,181,181
14.14,81.87,255,167,167
14.32,77.91,255,151,151
14.56,74.05,255,135,135
14.87,70.35,255,119,118
15.23,66.80,255,103,102
15.65,63.43,255,90,85
16.12,60.26,255,78,70
16.64,57.26,255,69,55
17.20,54.46,255,63,43
17.80,51.84,255,61,32
18.44,49.40,255,62,23
19.10,47.12,255,67,15
19.80,45.00,255,76,10
20.52,43.03,255,87,5
21.26,41.19,255,101,3
22.02,39.47,255,117,1
22.80,37.87,253,135,0
23.60,36.38,251,152,0
24.41,34.99,247,169,0
25.24,33.69,241,185,0
26.08,32.47,234,200,0
26.93,31.33,226,212,0
27.78,30.26,215,223,0
28.65,29.25,203,232,0
29.53,28.30,189,240,0
30.41,27.41,173,245,0
31.30,26.57,156,250,0
32.20,25.77,138,252,0
33.11,25.02,121,254,2
34.01,24.30,103,255,4
34.93,23.63,86,255,8
35.85,22.99,70,255,14
36.77,22.38,55,255,21
37.70,21.80,43,255,29
38.63,21.25,32,255,40
39.56,20.73,23,255,52
40.50,20.22,15,255,66
41.44,19.75,10,255,82
42.38,19.29,5,255,99
43.32,18.85,3,255,117
44.27,18.43,1,253,134
45.22,18.03,0,251,152
46.17,17.65,0,247,169
47.13,17.28,0,241,185
48.08,16.93,0,234,200
49.04,16.59,0,226,212
50.00,16.26,0,215,223
50.96,15.95,0,203,232
51.92,15.64,0,189,240
52.89,15.35,0,173,245
53.85,15.07,0,156,250
54.82,14.80,0,138,252
55.79,14.53,2,121,254
56.75,14.28,4,103,255
57.72,14.04,8,86,255
58.69,13.80,12,70,255
59.67,13.57,16,55,255
60.64,13.35,21,43,255
61.61,13.13,26,32,255
62.59,12.93,31,23,255
63.56,12.72,36,15,255
64.54,12.53,255,255,255
15.00,90.00,255,255,255
15.03,86.19,255,181,181
15.13,82.41,255,167,167
15.30,78.69,255,151,151
15.52,75.07,255,135,135
15.81,71.57,255,119,118
16.16,68.20,255,103,102
16.55,64.98,255,90,85
17.00,61.93,255,78,70
17.49,59.04,255,69,55
18.03,56.31,255,63,43
18.60,53.75,255,61,32
19.21,51.34,255,62,23
19.85,49.09,255,67,15
20.52,46.97,255,76,10
21.21,45.00,255,87,5
21.93,43.15,255,101,3
22.67,41.42,255,117,1
23.43,39.81,253,135,0
24.21,38.29,251,152,0
25.00,36.87,247,169,0
25.81,35.54,241,185,0
26.63,34.29,234,200,0
27.46,33.11,226,212,0
28.30,32.01,215,223,0
29.15,30.96,203,232,0
30.02,29.98,189,240,0
30.89,29.05,173,245,0
31.76,28.18,156,250,0
32.65,27.35,138,252,0
33.54,26.57,121,254,2
34.44,25.82,103,255,4
35.34,25.11,86,255,8
36.25,24.44,70,255,14
37.16,23.81,55,255,21
38.08,23.20,43,255,29
39.00,22.62,32,255,40
39.92,22.07,23,255,52
40.85,21.54,15,255,66
41.79,21.04,10,255,82
42.72,20.56,5,255,99
43.66,20.10,3,255,117
44.60,19.65,1,253,134
45.54,19.23,0,251,152
46.49,18.82,0,247,169
47.43,18.43,0,241,185
48.38,18.06,0,234,200
49.34,17.70,0,226,212
50.29,17.35,0,215,223
51.24,17.02,0,203,232
52.20,16.70,0,189,240
53.16,16.39,0,173,245
54.12,16.09,0,156,250
55.08,15.80,0,138,252
56.04,15.52,2,121,254
57.01,15.26,4,103,255
57.97,15.00,8,86,255
58.94,14.74,12,70,255
59.91,14.50,16,55,255
60.88,14.26,21,43,255
61.85,14.04,26,32,255
62.82,13.82,31,23,255
63.79,13.60,36,15,255
64.76,13.39,255,255,255
16.00,90.00,255,255,255
16.03,86.42,255,181,181
16.12,82.87,255,167,167
16.28,79.38,255,151,151
16.49,75.96,255,135,135
16.76,72.65,255,119,118
17.09,69.44,255,103,102
17.46,66.37,255,90,85
17.89,63.43,255,78,70
18.36,60.64,255,69,55
18.87,57.99,255,63,43
19.42,55.49,255,61,32
20.00,53.13,255,62,23
20.62,50.91,255,67,15
21.26,48.81,255,76,10
21.93,46.85,255,87,5
22.63,45.00,255,101,3
23.35,43.26,255,117,1
24.08,41.63,253,135,0
24.84,40.10,251,152,0
25.61,38.66,247,169,0
26.40,37.30,241,185,0
27.20,36.03,234,200,0
28.02,34.82,226,212,0
28.84,33.69,215,223,0
29.68,32.62,203,232,0
30.53,31.61,189,240,0
31.38,30.65,173,245,0
32.25,29.74,156,250,0
33.12,28.89,138,252,0
34.00,28.07,121,254,2
34.89,27.30,103,255,4
35.78,26.57,86,255,8
36.67,25.87,70,255,14
37.58,25.20,55,255,21
38.48,24.57,43,255,29
39.40,23.96,32,255,40
40.31,23.39,23,255,52
41.23,22.83,15,255,66
42.15,22.31,10,255,82
43.08,21.80,5,255,99
44.01,21.32,3,255,117
44.94,20.85,1,253,134
45.88,20.41,0,251,152
46.82,19.98,0,247,169
47.76,19.57,0,241,185
48.70,19.18,0,234,200
49.65,18.80,0,226,212
50.60,18.43,0,215,223
51.55,18.08,0,203,232
52.50,17.74,0,189,240
53.45,17.42,0,173,245
54.41,17.10,0,156,250
55.36,16.80,0,138,252
56.32,16.50,2,121,254
57.28,16.22,4,103,255
58.24,15.95,8,86,255
59.20,15.68,12,70,255
60.17,15.42,16,55,255
61.13,15.17,21,43,255
62.10,14.93,26,32,255
63.06,14.70,31,23,255
64.03,14.47,36,15,255
65.00,14.25,255,255,255
17.00,90.00,255,255,255
17.03,86.63,255,181,181
17.12,83.29,255,167,167
17.26,79.99,255,151,151
17.46,76.76,255,135,135
17.72,73.61,255,119,118
18.03,70.56,255,103,102
18.38,67.62,255,90,85
18.79,64.80,255,78,70
19.24,62.10,255,69,55
19.72,59.53,255,63,43
20.25,57.09,255,61,32
20.81,54.78,255,62,23
21.40,52.59,255,67,15
22.02,50.53,255,76,10
22.67,48.58,255,87,5
23.35,46.74,255,101,3
24.04,45.00,255,117,1
24.76,43.36,253,135,0
25.50,41.82,251,152,0
26.25,40.36,247,169,0
27.02,38.99,241,185,0
27.80,37.69,234,200,0
28.60,36.47,226,212,0
29.41,35.31,215,223,0
30.23,34.22,203,232,0
31.06,33.18,189,240,0
31.91,32.20,173,245,0
32.76,31.26,156,250,0
33.62,30.38,138,252,0
34.48,29.54,121,254,2
35.36,28.74,103,255,4
36.24,27.98,86,255,8
37.12,27.26,70,255,14
38.01,26.57,55,255,21
38.91,25.91,43,255,29
39.81,25.28,32,255,40
40.72,24.68,23,255,52
41.63,24.10,15,255,66
42.54,23.55,10,255,82
43.46,23.03,5,255,99
44.38,22.52,3,255,117
45.31,22.04,1,253,134
46.24,21.57,0,251,152
47.17,21.12,0,247,169
48.10,20.70,0,241,185
49.04,20.28,0,234,200
49.98,19.89,0,226,212
50.92,19.50,0,215,223
51.87,19.13,0,203,232
52.81,18.78,0,189,240
53.76,18.43,0,173,245
54.71,18.10,0,156,250
55.66,17.78,0,138,252
56.61,17.47,2,121,254
57.57,17.18,4,103,255
58.52,16.89,8,86,255
59.48,16.61,12,70,255
60.44,16.34,16,55,255
61.40,16.07,21,43,255
62.36,15.82,26,32,255
63.32,15.57,31,23,255
64.29,15.33,36,15,255
65.25,15.10,255,255,255
18.00,90.00,255,255,255
18.03,86.82,255,181,181
18.11,83.66,255,167,167
18.25,80.54,255,151,151
18.44,77.47,255,135,135
18.68,74.48,255,119,118
18.97,71.57,255,103,102
19.31,68.75,255,90,85
19.70,66.04,255,78,70
20.12,63.43,255,69,55
20.59,60.95,255,63,43
21.10,58.57,255,61,32
21.63,56.31,255,62,23
22.20,54.16,255,67,15
22.80,52.13,255,76,10
23.43,50.19,255,87,5
24.08,48.37,255,101,3
24.76,46.64,255,117,1
25.46,45.00,253,135,0
26.17,43.45,251,152,0
26.91,41.99,247,169,0
27.66,40.60,241,185,0
28.43,39.29,234,200,0
29.21,38.05,226,212,0
30.00,36.87,215,223,0
30.81,35.75,203,232,0
31.62,34.70,189,240,0
32.45,33.69,173,245,0
33.29,32.74,156,250,0
34.13,31.83,138,252,0
34.99,30.96,121,254,2
35.85,30.14,103,255,4
36.72,29.36,86,255,8
37.59,28.61,70,255,14
38.47,27.90,55,255,21
39.36,27.22,43,255,29
40.25,26.57,32,255,40
41.15,25.94,23,255,52
42.05,25.35,15,255,66
42.95,24.78,10,255,82
43.86,24.23,5,255,99
44.78,23.70,3,255,117
45.69,23.20,1,253,134
46.62,22.71,0,251,152
47.54,22.25,0,247,169
48.47,21.80,0,241,185
49.40,21.37,0,234,200
50.33,20.96,0,226,212
51.26,20.56,0,215,223
52.20,20.17,0,203,232
53.14,19.80,0,189,240
54.08,19.44,0,173,245
55.03,19.09,0,156,250
55.97,18.76,0,138,252
56.92,18.43,2,121,254
57.87,18.12,4,103,255
58.82,17.82,8,86,255
59.77,17.53,12,70,255
60.73,17.24,16,55,255
61.68,16.97,21,43,255
62.64,16.70,26,32,255
63.60,16.44,31,23,255
64.56,16.19,36,15,255
65.52,15.95,255,255,255
19.00,90.00,255,255,255
19.03,86.99,255,181,181
19.10,83.99,255,166,166
19.24,81.03,255,151,151
19.42,78.11,255,135,135
19.65,75.26,255,119,118
19.92,72.47,255,103,101
20.25,69.78,255,90,85
20.62,67.17,255,78,70
21.02,64.65,255,69,55
21.47,62.24,255,63,43
21.95,59.93,255,61,32
22.47,57.72,255,62,23
23.02,55.62,255,67,15
23.60,53.62,255,76,9
24.21,51.71,255,87,5
24.84,49.90,255,101,2
25.50,48.18,254,117,1
26.17,46.55,253,135,0
26.87,45.00,251,152,0
27.59,43.53,247,169,0
28.32,42.14,241,185,0
29.07,40.82,234,200,0
29.83,39.56,226,212,0
30.61,38.37,215,223,0
31.40,37.23,203,232,0
32.20,36.16,189,240,0
33.02,35.13,173,246,0
33.84,34.16,156,250,0
34.67,33.23,138,253,1
35.51,32.35,121,254,2
36.36,31.50,103,255,4
37.22,30.70,86,255,8
38.08,29.93,70,255,14
38.95,29.20,55,255,21
39.82,28.50,43,255,29
40.71,27.82,32,255,40
41.59,27.18,23,255,52
42.49,26.57,15,255,66
43.38,25.97,9,255,82
44.28,25.41,5,255,99
45.19,24.86,2,254,117
46.10,24.34,1,253,134
47.01,23.84,0,251,152
47.93,23.36,0,247,169
48.85,22.89,0,241,185
49.77,22.44,0,234,200
50.70,22.01,0,226,212
51.62,21.60,0,215,223
52.55,21.19,0,203,232
53.49,20.81,0,189,240
54.42,20.43,0,173,246
55.36,20.07,0,156,250
56.30,19.72,1,138,253
57.25,19.38,2,121,254
58.19,19.06,4,103,255
59.14,18.74,8,86,255
60.08,18.43,12,70,255
61.03,18.14,16,55,255
61.98,17.85,21,43,255
62.94,17.57,26,32,255
63.89,17.30,31,23,255
64.85,17.04,36,15,255
65.80,16.78,255,255,255
20.00,90.00,255,255,255
20.02,87.14,255,181,181
20.10,84.29,255,166,166
20.22,81.47,255,151,151
20.40,78.69,255,135,135
20.62,75.96,255,119,118
20.88,73.30,255,103,101
21.19,70.71,255,90,85
21.54,68.20,255,78,70
21.93,65.77,255,69,55
22.36,63.43,255,63,43
22.83,61.19,255,61,32
23.32,59.04,255,62,23
23.85,56.98,255,67,15
24.41,55.01,255,76,9
25.00,53.13,255,87,5
25.61,51.34,255,101,2
26.25,49.64,254,117,1
26.91,48.01,253,135,0
27.59,46.47,251,152,0
28.28,45.00,247,169,0
29.00,43.60,241,185,0
29.73,42.27,234,200,0
30.48,41.01,226,212,0
31.24,39.81,215,223,0
32.02,38.66,203,232,0
32.80,37.57,189,240,0
33.60,36.53,173,246,0
34.41,35.54,156,250,0
35.23,34.59,138,253,1
36.06,33.69,121,254,2
36.89,32.83,103,255,4
37.74,32.01,86,255,8
38.59,31.22,70,255,14
39.45,30.47,55,255,21
40.31,29.74,43,255,29
41.18,29.05,32,255,40
42.06,28.39,23,255,52
42.94,27.76,15,255,66
43.83,27.15,9,255,82
44.72,26.57,5,255,99
45.62,26.00,2,254,117
46.52,25.46,1,253,134
47.42,24.94,0,251,152
48.33,24.44,0,247,169
49.24,23.96,0,241,185
50.16,23.50,0,234,200
51.08,23.05,0,226,212
52.00,22.62,0,215,223
52.92,22.20,0,203,232
53.85,21.80,0,189,240
54.78,21.41,0,173,246
55.71,21.04,0,156,250
56.65,20.67,1,138,253
57.58,20.32,2,121,254
58.52,19.98,4,103,255
59.46,19.65,8,86,255
60.41,19.33,12,70,255
61.35,19.03,16,55,255
62.30,18.73,21,43,255
63.25,18.43,26,32,255
64.20,18.15,31,23,255
65.15,17.88,36,15,255
66.10,17.61,255,255,255
21.00,90.00,255,255,255
21.02,87.27,255,180,180
21.10,84.56,255,166,166
21.21,81.87,255,151,151
21.38,79.22,255,135,135
21.59,76.61,255,119,118
21.84,74.05,255,103,101
22.14,71.57,255,90,85
22.47,69.15,255,78,69
22.85,66.80,255,69,55
23.26,64.54,255,63,42
23.71,62.35,255,61,32
24.19,60.26,255,62,22
24.70,58.24,255,67,15
25.24,56.31,255,76,9
25.81,54.46,255,87,5
26.40,52.70,255,101,2
27.02,51.01,254,117,1
27.66,49.40,253,135,0
28.32,47.86,251,152,0
29.00,46.40,247,169,0
29.70,45.00,241,186,0
30.41,43.67,234,200,0
31.14,42.40,226,213,0
31.89,41.19,215,223,0
32.65,40.03,203,233,0
33.42,38.93,189,240,0
34.21,37.87,173,246,0
35.00,36.87,156,250,0
35.81,35.91,138,253,1
36.62,34.99,121,254,2
37.44,34.11,103,255,4
38.28,33.27,86,255,8
39.12,32.47,69,255,14
39.96,31.70,55,255,21
40.82,30.96,42,255,29
41.68,30.26,32,255,40
42.54,29.58,22,255,52
43.42,28.93,15,255,66
44.29,28.30,9,255,82
45.18,27.70,5,255,99
46.07,27.12,2,254,117
46.96,26.57,1,253,134
47.85,26.03,0,251,152
48.75,25.51,0,247,169
49.66,25.02,0,241,186
50.57,24.54,0,234,200
51.48,24.08,0,226,213
52.39,23.63,0,215,223
53.31,23.20,0,203,233
54.23,22.78,0,189,240
55.15,22.38,0,173,246
56.08,21.99,0,156,250
57.01,21.61,1,138,253
57.94,21.25,2,121,254
58.87,20.90,4,103,255
59.81,20.56,8,86,255
60.75,20.22,12,69,255
61.68,19.90,16,55,255
62.63,19.59,21,42,255
63.57,19.29,26,32,255
64.51,19.00,31,22,255
65.46,18.71,36,15,255
66.41,18.43,255,255,255
22.00,90.00,255,255,255
22.02,87.40,255,180,180
22.09,84.81,255,166,166
22.20,82.23,255,151,151
22.36,79.70,255,134,134
22.56,77.20,255,118,118
22.80,74.74,255,103,101
23.09,72.35,255,90,85
23.41,70.02,255,78,69
23.77,67.75,255,69,55
24.17,65.56,255,63,42
24.60,63.43,255,61,31
25.06,61.39,255,62,22
25.55,59.42,255,67,15
26.08,57.53,255,76,9
26.63,55.71,255,87,5
27.20,53.97,255,101,2
27.80,52.31,254,117,1
28.43,50.71,253,135,0
29.07,49.18,250,152,0
29.73,47.73,247,169,0
30.41,46.33,241,186,0
31.11,45.00,234,200,0
31.83,43.73,225,213,0
32.56,42.51,215,224,0
33.30,41.35,203,233,0
34.06,40.24,189,240,0
34.83,39.17,173,246,0
35.61,38.16,156,250,0
36.40,37.18,138,253,1
37.20,36.25,121,254,2
38.01,35.36,103,255,5
38.83,34.51,86,255,8
39.66,33.69,69,255,14
40.50,32.91,55,255,21
41.34,32.15,42,255,30
42.19,31.43,31,255,40
43.05,30.74,22,255,52
43.91,30.07,15,255,66
44.78,29.43,9,255,82
45.65,28.81,5,255,99
46.53,28.22,2,254,117
47.41,27.65,1,253,134
48.30,27.10,0,250,152
49.19,26.57,0,247,169
50.09,26.05,0,241,186
50.99,25.56,0,234,200
51.89,25.08,0,225,213
52.80,24.62,0,215,224
53.71,24.18,0,203,233
54.63,23.75,0,189,240
55.54,23.33,0,173,246
56.46,22.93,0,156,250
57.38,22.54,1,138,253
58.31,22.17,2,121,254
59.24,21.80,5,103,255
60.17,21.45,8,86,255
61.10,21.10,12,69,255
62.03,20.77,16,55,255
62.97,20.45,21,42,255
63.91,20.14,26,31,255
64.85,19.83,31,22,255
65.79,19.54,36,15,255
66.73,19.25,255,255,255
23.00,90.00,255,255,255
23.02,87.51,255,180,180
23.09,85.03,255,166,166
23.19,82.57,255,150,150
23.35,80.13,255,134,134
23.54,77.74,255,118,118
23.77,75.38,255,103,101
24.04,73.07,255,89,85
24.35,70.82,255,78,69
24.70,68.63,255,69,55
25.08,66.50,255,63,42
25.50,64.44,255,61,31
25.94,62.45,255,62,22
26.42,60.52,255,67,15
26.93,58.67,255,76,9
27.46,56.89,255,87,5
28.02,55.18,255,101,2
28.60,53.53,254,117,1
29.21,51.95,253,135,0
29.83,50.44,250,152,0
30.48,48.99,246,170,0
31.14,47.60,241,186,0
31.83,46.27,234,200,0
32.53,45.00,225,213,0
33.24,43.78,215,224,0
33.97,42.61,203,233,0
34.71,41.50,188,240,0
35.47,40.43,173,246,0
36.24,39.40,156,250,0
37.01,38.42,138,253,1
37.80,37.48,120,254,2
38.60,36.57,103,255,5
39.41,35.71,85,255,9
40.22,34.88,69,255,14
41.05,34.08,55,255,21
41.88,33.31,42,255,30
42.72,32.57,31,255,40
43.57,31.87,22,255,52
44.42,31.18,15,255,67
45.28,30.53,9,255,82
46.14,29.90,5,255,99
47.01,29.29,2,254,117
47.89,28.71,1,253,135
48.76,28.14,0,250,152
49.65,27.60,0,246,170
50.54,27.07,0,241,186
51.43,26.57,0,234,200
52.33,26.08,0,225,213
53.23,25.60,0,215,224
54.13,25.14,0,203,233
55.04,24.70,0,188,240
55.95,24.27,0,173,246
56.86,23.86,0,156,250
57.78,23.46,1,138,253
58.69,23.07,2,120,254
59.62,22.69,5,103,255
60.54,22.33,8,85,255
61.47,21.97,12,69,255
62.39,21.63,16,55,255
63.32,21.30,21,42,255
64.26,20.97,26,31,255
65.19,20.66,31,22,255
66.13,20.35,37,15,255
67.07,20.06,255,255,255
24.00,90.00,255,255,255
24.02,87.61,255,180,180
24.08,85.24,255,166,166
24.19,82.87,255,150,150
24.33,80.54,255,134,134
24.52,78.23,255,118,118
24.74,75.96,255,103,101
25.00,73.74,255,90,85
25.30,71.57,255,78,70
25.63,69.44,255,69,55
26.00,67.38,255,63,42
26.40,65.38,255,61,31
26.83,63.43,255,62,22
27.29,61.56,255,67,15
27.78,59.74,255,75,9
28.30,57.99,255,87,5
28.84,56.31,255,101,2
29.41,54.69,254,117,1
30.00,53.13,253,135,0
30.61,51.63,250,152,0
31.24,50.19,246,169,0
31.89,48.81,241,185,0
32.56,47.49,234,200,0
33.24,46.22,225,213,0
33.94,45.00,215,224,0
34.66,43.83,203,233,0
35.38,42.71,189,240,0
36.12,41.63,173,246,0
36.88,40.60,156,250,0
37.64,39.61,138,253,1
38.42,38.66,120,254,2
39.20,37.75,103,255,5
40.00,36.87,86,255,9
40.80,36.03,70,255,14
41.62,35.22,55,255,21
42.44,34.44,42,255,30
43.27,33.69,31,255,40
44.10,32.97,22,255,52
44.94,32.28,15,255,66
45.79,31.61,9,255,82
46.65,30.96,5,255,99
47.51,30.34,2,254,117
48.37,29.74,1,253,135
49.24,29.17,0,250,152
50.12,28.61,0,246,169
51.00,28.07,0,241,185
51.88,27.55,0,234,200
52.77,27.05,0,225,213
53.67,26.57,0,215,224
54.56,26.10,0,203,233
55.46,25.64,0,189,240
56.36,25.20,0,173,246
57.27,24.78,0,156,250
58.18,24.36,1,138,253
59.09,23.96,2,120,254
60.01,23.57,5,103,255
60.93,23.20,8,86,255
61.85,22.83,12,70,255
62.77,22.48,17,55,255
63.69,22.14,21,42,255
64.62,21.80,26,31,255
65.55,21.48,31,22,255
66.48,21.16,36,15,255
67.42,20.85,255,255,255
25.00,90.00,255,255,255
25.02,87.71,255,180,180
25.08,85.43,255,166,166
25.18,83.16,255,150,150
25.32,80.91,255,134,134
25.50,78.69,255,118,118
25.71,76.50,255,103,101
25.96,74.36,255,89,85
26.25,72.26,255,78,69
26.57,70.20,255,69,55
26.93,68.20,255,63,42
27.31,66.25,255,61,31
27.73,64.36,255,62,22
28.18,62.53,255,67,15
28.65,60.75,255,76,9
29.15,59.04,255,87,5
29.68,57.38,255,101,2
30.23,55.78,254,117,1
30.81,54.25,253,135,0
31.40,52.77,250,152,0
32.02,51.34,246,170,0
32.65,49.97,241,186,0
33.30,48.65,234,200,0
33.97,47.39,225,213,0
34.66,46.17,215,224,0
35.36,45.00,203,233,0
36.07,43.88,188,240,0
36.80,42.80,173,246,0
37.54,41.76,156,250,0
38.29,40.76,138,253,1
39.05,39.81,120,254,2
39.82,38.88,103,255,5
40.61,38.00,85,255,9
41.40,37.15,69,255,14
42.20,36.33,55,255,21
43.01,35.54,42,255,30
43.83,34.78,31,255,40
44.65,34.05,22,255,52
45.49,33.34,15,255,67
46.32,32.66,9,255,82
47.17,32.01,5,255,99
48.02,31.37,2,254,117
48.88,30.76,1,253,135
49.74,30.17,0,250,152
50.61,29.60,0,246,170
51.48,29.05,0,241,186
52.35,28.52,0,234,200
53.24,28.01,0,225,213
54.12,27.51,0,215,224
55.01,27.03,0,203,233
55.90,26.57,0,188,240
56.80,26.11,0,173,246
57.70,25.68,0,156,250
58.60,25.25,1,138,253
59.51,24.84,2,120,254
60.42,24.44,5,103,255
61.33,24.06,8,85,255
62.24,23.68,12,69,255
63.16,23.32,16,55,255
64.08,22.96,21,42,255
65.00,22.62,26,31,255
65.92,22.29,31,22,255
66.85,21.96,37,15,255
67.78,21.64,255,255,255
26.00,90.00,255,255,255
26.02,87.80,255,180,180
26.08,85.60,255,166,166
26.17,83.42,255,151,151
26.31,81.25,255,134,134
26.48,79.11,255,118,118
26.68,77.01,255,103,101
26.93,74.93,255,90,85
27.20,72.90,255,78,69
27.51,70.91,255,69,55
27.86,68.96,255,63,42
28.23,67.07,255,61,31
28.64,65.22,255,62,22
29.07,63.43,255,67,15
29.53,61.70,255,76,9
30.02,60.02,255,87,5
30.53,58.39,255,101,2
31.06,56.82,254,117,1
31.62,55.30,253,135,0
32.20,53.84,250,152,0
32.80,52.43,247,169,0
33.42,51.07,241,186,0
34.06,49.76,234,200,0
34.71,48.50,225,213,0
35.38,47.29,215,224,0
36.07,46.12,203,233,0
36.77,45.00,189,240,0
37.48,43.92,173,246,0
38.21,42.88,156,250,0
38.95,41.88,138,253,1
39.70,40.91,121,254,2
40.46,39.99,103,255,5
41.23,39.09,86,255,8
42.01,38.23,69,255,14
42.80,37.41,55,255,21
43.60,36.61,42,255,30
44.41,35.84,31,255,40
45.22,35.10,22,255,52
46.04,34.38,15,255,66
46.87,33.69,9,255,82
47.71,33.02,5,255,99
48.55,32.38,2,254,117
49.40,31.76,1,253,134
50.25,31.16,0,250,152
51.11,30.58,0,247,169
51.97,30.02,0,241,186
52.84,29.48,0,234,200
53.71,28.95,0,225,213
54.59,28.44,0,215,224
55.47,27.95,0,203,233
56.36,27.47,0,189,240
57.25,27.01,0,173,246
58.14,26.57,0,156,250
59.03,26.13,1,138,253
59.93,25.71,2,121,254
60.84,25.30,5,103,255
61.74,24.90,8,86,255
62.65,24.52,12,69,255
63.56,24.15,16,55,255
64.47,23.78,21,42,255
65.39,23.43,26,31,255
66.31,23.09,31,22,255
67.23,22.75,36,15,255
68.15,22.43,255,255,255
27.00,90.00,255,255,255
27.02,87.88,255,180,180
27.07,85.76,255,166,166
27.17,83.66,255,151,151
27.29,81.57,255,135,135
27.46,79.51,255,119,118
27.66,77.47,255,103,101
27.89,75.47,255,90,85
28.16,73.50,255,78,69
28.46,71.57,255,69,55
28.79,69.68,255,63,42
29.15,67.83,255,61,32
29.55,66.04,255,62,22
29.97,64.29,255,67,15
30.41,62.59,255,76,9
30.89,60.95,255,87,5
31.38,59.35,255,101,2
31.91,57.80,254,117,1
32.45,56.31,253,135,0
33.02,54.87,251,152,0
33.60,53.47,247,169,0
34.21,52.13,241,186,0
34.83,50.83,234,200,0
35.47,49.57,226,213,0
36.12,48.37,215,223,0
36.80,47.20,203,233,0
37.48,46.08,189,240,0
38.18,45.00,173,246,0
38.90,43.96,156,250,0
39.62,42.95,138,253,1
40.36,41.99,121,254,2
41.11,41.05,103,255,4
41.87,40.16,86,255,8
42.64,39.29,69,255,14
43.42,38.45,55,255,21
44.20,37.65,42,255,29
45.00,36.87,32,255,40
45.80,36.12,22,255,52
46.62,35.39,15,255,66
47.43,34.70,9,255,82
48.26,34.02,5,255,99
49.09,33.37,2,254,117
49.93,32.74,1,253,134
50.77,32.12,0,251,152
51.62,31.53,0,247,169
52.48,30.96,0,241,186
53.34,30.41,0,234,200
54.20,29.88,0,226,213
55.07,29.36,0,215,223
55.95,28.86,0,203,233
56.82,28.37,0,189,240
57.71,27.90,0,173,246
58.59,27.44,0,156,250
59.48,27.00,1,138,253
60.37,26.57,2,121,254
61.27,26.15,4,103,255
62.17,25.74,8,86,255
63.07,25.35,12,69,255
63.98,24.96,16,55,255
64.88,24.59,21,42,255
65.80,24.23,26,32,255
66.71,23.88,31,22,255
67.62,23.53,36,15,255
68.54,23.20,255,255,255
28.00,90.00,255,255,255
28.02,87.95,255,181,181
28.07,85.91,255,166,166
28.16,83.88,255,151,151
28.28,81.87,255,135,135
28.44,79.88,255,119,118
28.64,77.91,255,103,101
28.86,75.96,255,90,85
29.12,74.05,255,78,70
29.41,72.18,255,69,55
29.73,70.35,255,63,43
30.08,68.55,255,61,32
30.46,66.80,255,62,23
30.87,65.10,255,67,15
31.30,63.43,255,76,9
31.76,61.82,255,87,5
32.25,60.26,255,101,2
32.76,58.74,254,117,1
33.29,57.26,253,135,0
33.84,55.84,251,152,0
34.41,54.46,247,169,0
35.00,53.13,241,185,0
35.61,51.84,234,200,0
36.24,50.60,226,212,0
36.88,49.40,215,223,0
37.54,48.24,203,232,0
38.21,47.12,189,240,0
38.90,46.04,173,246,0
39.60,45.00,156,250,0
40.31,43.99,138,253,1
41.04,43.03,121,254,2
41.77,42.09,103,255,4
42.52,41.19,86,255,8
43.28,40.31,70,255,14
44.05,39.47,55,255,21
44.82,38.66,43,255,29
45.61,37.87,32,255,40
46.40,37.12,23,255,52
47.20,36.38,15,255,66
48.01,35.68,9,255,82
48.83,34.99,5,255,99
49.65,34.33,2,254,117
50.48,33.69,1,253,134
51.31,33.07,0,251,152
52.15,32.47,0,247,169
53.00,31.89,0,241,185
53.85,31.33,0,234,200
54.71,30.78,0,226,212
55.57,30.26,0,215,223
56.44,29.74,0,203,232
57.31,29.25,0,189,240
58.18,28.77,0,173,246
59.06,28.30,0,156,250
59.94,27.85,1,138,253
60.83,27.41,2,121,254
61.72,26.98,4,103,255
62.61,26.57,8,86,255
63.51,26.16,12,70,255
64.40,25.77,16,55,255
65.31,25.39,21,43,255
66.21,25.02,26,32,255
67.12,24.66,31,23,255
68.03,24.30,36,15,255
68.94,23.96,255,255,255
29.00,90.00,255,255,255
29.02,88.03,255,181,181
29.07,86.05,255,166,166
29.15,84.09,255,151,151
29.27,82.15,255,135,135
29.43,80.22,255,119,118
29.61,78.31,255,103,101
29.83,76.43,255,90,85
30.08,74.58,255,78,70
30.36,72.76,255,69,55
30.68,70.97,255,63,43
31.02,69.23,255,61,32
31.38,67.52,255,62,23
31.78,65.85,255,67,15
32.20,64.23,255,76,9
32.65,62.65,255,87,5
33.12,61.11,255,101,2
33.62,59.62,254,117,1
34.13,58.17,253,135,0
34.67,56.77,251,152,0
35.23,55.41,247,169,0
35.81,54.09,241,185,0
36.40,52.82,234,200,0
37.01,51.58,226,212,0
37.64,50.39,215,223,0
38.29,49.24,203,232,0
38.95,48.12,189,240,0
39.62,47.05,173,246,0
40.31,46.01,156,250,0
41.01,45.00,138,253,1
41.73,44.03,121,254,2
42.45,43.09,103,255,4
43.19,42.18,86,255,8
43.93,41.31,70,255,14
44.69,40.46,55,255,21
45.45,39.64,43,255,29
46.23,38.85,32,255,40
47.01,38.09,23,255,52
47.80,37.35,15,255,66
48.60,36.63,9,255,82
49.41,35.94,5,255,99
50.22,35.27,2,254,117
51.04,34.62,1,253,134
51.87,34.00,0,251,152
52.70,33.39,0,247,169
53.54,32.80,0,241,185
54.38,32.23,0,234,200
55.23,31.68,0,226,212
56.08,31.14,0,215,223
56.94,30.62,0,203,232
57.80,30.11,0,189,240
58.67,29.62,0,173,246
59.54,29.15,0,156,250
60.42,28.69,1,138,253
61.29,28.24,2,121,254
62.18,27.80,4,103,255
63.06,27.38,8,86,255
63.95,26.97,12,70,255
64.85,26.57,16,55,255
65.74,26.18,21,43,255
66.64,25.80,26,32,255
67.54,25.43,31,23,255
68.45,25.07,36,15,255
69.35,24.72,255,255,255
30.00,90.00,255,255,255
30.02,88.09,255,181,181
30.07,86.19,255,167,167
30.15,84.29,255,151,151
30.27,82.41,255,135,135
30.41,80.54,255,119,118
30.59,78.69,255,103,102
30.81,76.87,255,90,85
31.05,75.07,255,78,70
31.32,73.30,255,69,55
31.62,71.57,255,63,43
31.95,69.86,255,61,32
32.31,68.20,255,62,23
32.70,66.57,255,67,15
33.11,64.98,255,76,10
33.54,63.43,255,87,5
34.00,61.93,255,101,3
34.48,60.46,255,117,1
34.99,59.04,253,135,0
35.51,57.65,251,152,0
36.06,56.31,247,169,0
36.62,55.01,241,185,0
37.20,53.75,234,200,0
37.80,52.52,226,212,0
38.42,51.34,215,223,0
39.05,50.19,203,232,0
39.70,49.09,189,240,0
40.36,48.01,173,245,0
41.04,46.97,156,250,0
41.73,45.97,138,252,0
42.43,45.00,121,254,2
43.14,44.06,103,255,4
43.86,43.15,86,255,8
44.60,42.27,70,255,14
45.34,41.42,55,255,21
46.10,40.60,43,255,29
46.86,39.81,32,255,40
47.63,39.04,23,255,52
48.41,38.29,15,255,66
49.20,37.57,10,255,82
50.00,36.87,5,255,99
50.80,36.19,3,255,117
51.61,35.54,1,253,134
52.43,34.90,0,251,152
53.25,34.29,0,247,169
54.08,33.69,0,241,185
54.92,33.11,0,234,200
55.76,32.55,0,226,212
56.60,32.01,0,215,223
57.45,31.48,0,203,232
58.31,30.96,0,189,240
59.17,30.47,0,173,245
60.03,29.98,0,156,250
60.90,29.51,0,138,252
61.77,29.05,2,121,254
62.65,28.61,4,103,255
63.53,28.18,8,86,255
64.41,27.76,12,70,255
65.30,27.35,16,55,255
66.19,26.95,21,43,255
67.08,26.57,26,32,255
67.98,26.19,31,23,255
68.88,25.82,36,15,255
69.78,25.46,255,255,255
31.00,90.00,255,255,255
31.02,88.15,255,181,181
31.06,86.31,255,167,167
31.14,84.47,255,151,151
31.26,82.65,255,135,135
31.40,80.84,255,119,118
31.58,79.05,255,103,102
31.78,77.28,255,90,85
32.02,75.53,255,78,70
32.28,73.81,255,69,55
32.57,72.12,255,63,43
32.89,70.46,255,61,32
33.24,68.84,255,62,23
33.62,67.25,255,67,15
34.01,65.70,255,76,10
34.44,64.18,255,87,5
34.89,62.70,255,101,3
35.36,61.26,255,117,1
35.85,59.86,253,135,0
36.36,58.50,251,152,0
36.89,57.17,247,169,0
37.44,55.89,241,185,0
38.01,54.64,234,200,0
38.60,53.43,226,212,0
39.20,52.25,215,223,0
39.82,51.12,203,232,0
40.46,50.01,189,240,0
41.11,48.95,173,245,0
41.77,47.91,156,250,0
42.45,46.91,138,252,0
43.14,45.94,121,254,2
43.84,45.00,103,255,4
44.55,44.09,86,255,8
45.28,43.21,70,255,14
46.01,42.36,55,255,21
46.75,41.53,43,255,29
47.51,40.73,32,255,40
48.27,39.96,23,255,52
49.04,39.21,15,255,66
49.82,38.48,10,255,82
50.61,37.78,5,255,99
51.40,37.09,3,255,117
52.20,36.43,1,253,134
53.01,35.79,0,251,152
53.82,35.17,0,247,169
54.64,34.56,0,241,185
55.47,33.98,0,234,200
56.30,33.41,0,226,212
57.14,32.86,0,215,223
57.98,32.32,0,203,232
58.83,31.80,0,189,240
59.68,31.29,0,173,245
60.54,30.80,0,156,250
61.40,30.32,0,138,252
62.27,29.86,2,121,254
63.13,29.41,4,103,255
64.01,28.97,8,86,255
64.88,28.54,12,70,255
65.76,28.12,16,55,255
66.65,27.72,21,43,255
67.54,27.32,26,32,255
68.43,26.94,31,23,255
69.32,26.57,36,15,255
70.21,26.20,255,255,255
32.00,90.00,255,255,255
32.02,88.21,255,181,181
32.06,86.42,255,167,167
32.14,84.64,255,151,151
32.25,82.87,255,135,135
32.39,81.12,255,119,118
32.56,79.38,255,103,102
32.76,77.66,255,90,85
32.98,75.96,255,78,70
33.24,74.29,255,69,55
33.53,72.65,255,63,43
33.84,71.03,255,61,32
34.18,69.44,255,62,23
34.54,67.89,255,67,15
34.93,66.37,255,76,10
35.34,64.89,255,87,5
35.78,63.43,255,101,3
36.24,62.02,255,117,1
36.72,60.64,253,135,0
37.22,59.30,251,152,0
37.74,57.99,247,169,0
38.28,56.73,241,185,0
38.83,55.49,234,200,0
39.41,54.29,226,212,0
40.00,53.13,215,223,0
40.61,52.00,203,232,0
41.23,50.91,189,240,0
41.87,49.84,173,245,0
42.52,48.81,156,250,0
43.19,47.82,138,252,0
43.86,46.85,121,254,2
44.55,45.91,103,255,4
45.25,45.00,86,255,8
45.97,44.12,70,255,14
46.69,43.26,55,255,21
47.42,42.44,43,255,29
48.17,41.63,32,255,40
48.92,40.86,23,255,52
49.68,40.10,15,255,66
50.45,39.37,10,255,82
51.22,38.66,5,255,99
52.01,37.97,3,255,117
52.80,37.30,1,253,134
53.60,36.66,0,251,152
54.41,36.03,0,247,169
55.22,35.42,0,241,185
56.04,34.82,0,234,200
56.86,34.25,0,226,212
57.69,33.69,0,215,223
58.52,33.15,0,203,232
59.36,32.62,0,189,240
60.21,32.11,0,173,245
61.06,31.61,0,156,250
61.91,31.12,0,138,252
62.77,30.65,2,121,254
63.63,30.19,4,103,255
64.50,29.74,8,86,255
65.37,29.31,12,70,255
66.24,28.89,16,55,255
67.12,28.47,21,43,255
68.00,28.07,26,32,255
68.88,27.68,31,23,255
69.77,27.30,36,15,255
70.66,26.93,255,255,255
33.00,90.00,255,255,255
33.02,88.26,255,181,181
33.06,86.53,255,167,167
33.14,84.81,255,151,151
33.24,83.09,255,135,135
33.38,81.38,255,119,118
33.54,79.70,255,103,102
33.73,78.02,255,90,85
33.96,76.37,255,78,70
34.21,74.74,255,69,55
34.48,73.14,255,63,43
34.79,71.57,255,61,32
35.11,70.02,255,62,23
35.47,68.50,255,67,15
35.85,67.01,255,76,10
36.25,65.56,255,87,5
36.67,64.13,255,101,3
37.12,62.74,255,117,1
37.59,61.39,253,135,0
38.08,60.07,251,152,0
38.59,58.78,247,169,0
39.12,57.53,241,185,0
39.66,56.31,234,200,0
40.22,55.12,226,212,0
40.80,53.97,215,223,0
41.40,52.85,203,232,0
42.01,51.77,189,240,0
42.64,50.71,173,245,0
43.28,49.69,156,250,0
43.93,48.69,138,252,0
44.60,47.73,121,254,2
45.28,46.79,103,255,4
45.97,45.88,86,255,8
46.67,45.00,70,255,14
47.38,44.14,55,255,21
48.10,43.32,43,255,29
48.84,42.51,32,255,40
49.58,41.73,23,255,52
50.33,40.97,15,255,66
51.09,40.24,10,255,82
51.86,39.52,5,255,99
52.63,38.83,3,255,117
53.41,38.16,1,253,134
54.20,37.50,0,251,152
55.00,36.87,0,247,169
55.80,36.25,0,241,185
56.61,35.66,0,234,200
57.43,35.07,0,226,212
58.25,34.51,0,215,223
59.08,33.96,0,203,232
59.91,33.42,0,189,240
60.75,32.91,0,173,245
61.59,32.40,0,156,250
62.43,31.91,0,138,252
63.29,31.43,2,121,254
64.14,30.96,4,103,255
65.00,30.51,8,86,255
65.86,30.07,12,70,255
66.73,29.64,16,55,255
67.60,29.22,21,43,255
68.48,28.81,26,32,255
69.35,28.41,31,23,255
70.24,28.02,36,15,255
71.12,27.65,255,255,255
34.00,90.00,255,255,255
34.01,88.32,255,181,181
34.06,86.63,255,167,167
34.13,84.96,255,151,151
34.23,83.29,255,135,135
34.37,81.63,255,119,118
34.53,79.99,255,103,102
34.71,78.37,255,90,85
34.93,76.76,255,78,70
35.17,75.17,255,69,55
35.44,73.61,255,63,43
35.74,72.07,255,61,32
36.06,70.56,255,62,23
36.40,69.08,255,67,15
36.77,67.62,255,76,10
37.16,66.19,255,87,5
37.58,64.80,255,101,3
38.01,63.43,255,117,1
38.47,62.10,253,135,0
38.95,60.80,251,152,0
39.45,59.53,247,169,0
39.96,58.30,241,185,0
40.50,57.09,234,200,0
41.05,55.92,226,212,0
41.62,54.78,215,223,0
42.20,53.67,203,232,0
42.80,52.59,189,240,0
43.42,51.55,173,245,0
44.05,50.53,156,250,0
44.69,49.54,138,252,0
45.34,48.58,121,254,2
46.01,47.64,103,255,4
46.69,46.74,86,255,8
47.38,45.86,70,255,14
48.08,45.00,55,255,21
48.80,44.17,43,255,29
49.52,43.36,32,255,40
50.25,42.58,23,255,52
50.99,41.82,15,255,66
51.74,41.08,10,255,82
52.50,40.36,5,255,99
53.26,39.67,3,255,117
54.04,38.99,1,253,134
54.82,38.33,0,251,152
55.61,37.69,0,247,169
56.40,37.07,0,241,185
57.20,36.47,0,234,200
58.01,35.88,0,226,212
58.82,35.31,0,215,223
59.64,34.76,0,203,232
60.46,34.22,0,189,240
61.29,33.69,0,173,245
62.13,33.18,0,156,250
62.97,32.68,0,138,252
63.81,32.20,2,121,254
64.66,31.72,4,103,255
65.51,31.26,8,86,255
66.37,30.82,12,70,255
67.23,30.38,16,55,255
68.10,29.95,21,43,255
68.96,29.54,26,32,255
69.84,29.13,31,23,255
70.71,28.74,36,15,255
71.59,28.35,255,255,255
35.00,90.00,255,255,255
35.01,88.36,255,181,181
35.06,86.73,255,166,166
35.13,85.10,255,151,151
35.23,83.48,255,135,135
35.36,81.87,255,119,118
35.51,80.27,255,103,101
35.69,78.69,255,90,85
35.90,77.12,255,78,70
36.14,75.58,255,69,55
36.40,74.05,255,63,43
36.69,72.55,255,61,32
37.00,71.08,255,62,23
37.34,69.62,255,67,15
37.70,68.20,255,76,9
38.08,66.80,255,87,5
38.48,65.43,255,101,2
38.91,64.09,254,117,1
39.36,62.78,253,135,0
39.82,61.50,251,152,0
40.31,60.26,247,169,0
40.82,59.04,241,185,0
41.34,57.85,234,200,0
41.88,56.69,226,212,0
42.44,55.56,215,223,0
43.01,54.46,203,232,0
43.60,53.39,189,240,0
44.20,52.35,173,246,0
44.82,51.34,156,250,0
45.45,50.36,138,253,1
46.10,49.40,121,254,2
46.75,48.47,103,255,4
47.42,47.56,86,255,8
48.10,46.68,70,255,14
48.80,45.83,55,255,21
49.50,45.00,43,255,29
50.21,44.19,32,255,40
50.93,43.41,23,255,52
51.66,42.65,15,255,66
52.40,41.91,9,255,82
53.15,41.19,5,255,99
53.91,40.49,2,254,117
54.67,39.81,1,253,134
55.44,39.14,0,251,152
56.22,38.50,0,247,169
57.01,37.87,0,241,185
57.80,37.27,0,234,200
58.60,36.67,0,226,212
59.41,36.10,0,215,223
60.22,35.54,0,203,232
61.03,34.99,0,189,240
61.85,34.46,0,173,246
62.68,33.94,0,156,250
63.51,33.44,1,138,253
64.35,32.95,2,121,254
65.19,32.47,4,103,255
66.04,32.01,8,86,255
66.89,31.55,12,70,255
67.74,31.11,16,55,255
68.60,30.68,21,43,255
69.46,30.26,26,32,255
70.33,29.85,31,23,255
71.20,29.45,36,15,255
72.07,29.05,255,255,255
36.00,90.00,255,255,255
36.01,88.41,255,181,181
36.06,86.82,255,166,166
36.12,85.24,255,151,151
36.22,83.66,255,135,135
36.35,82.09,255,119,118
36.50,80.54,255,103,101
36.67,79.00,255,90,85
36.88,77.47,255,78,70
37.11,75.96,255,69,55
37.36,74.48,255,63,43
37.64,73.01,255,61,32
37.95,71.57,255,62,23
38.28,70.14,255,67,15
38.63,68.75,255,76,9
39.00,67.38,255,87,5
39.40,66.04,255,101,2
39.81,64.72,254,117,1
40.25,63.43,253,135,0
40.71,62.18,251,152,0
41.18,60.95,247,169,0
41.68,59.74,241,185,0
42.19,58.57,234,200,0
42.72,57.43,226,212,0
43.27,56.31,215,223,0
43.83,55.22,203,232,0
44.41,54.16,189,240,0
45.00,53.13,173,246,0
45.61,52.13,156,250,0
46.23,51.15,138,253,1
46.86,50.19,121,254,2
47.51,49.27,103,255,4
48.17,48.37,86,255,8
48.84,47.49,70,255,14
49.52,46.64,55,255,21
50.21,45.81,43,255,29
50.91,45.00,32,255,40
51.62,44.22,23,255,52
52.35,43.45,15,255,66
53.08,42.71,9,255,82
53.81,41.99,5,255,99
54.56,41.28,2,254,117
55.32,40.60,1,253,134
56.08,39.94,0,251,152
56.85,39.29,0,247,169
57.63,38.66,0,241,185
58.41,38.05,0,234,200
59.20,37.45,0,226,212
60.00,36.87,0,215,223
60.80,36.30,0,203,232
61.61,35.75,0,189,240
62.43,35.22,0,173,246
63.25,34.70,0,156,250
64.07,34.19,1,138,253
64.90,33.69,2,121,254
65.73,33.21,4,103,255
66.57,32.74,8,86,255
67.42,32.28,12,70,255
68.26,31.83,16,55,255
69.12,31.39,21,43,255
69.97,30.96,26,32,255
70.83,30.55,31,23,255
71.69,30.14,36,15,255
72.56,29.74,255,255,255
37.00,90.00,255,255,255
37.01,88.45,255,180,180
37.05,86.91,255,166,166
37.12,85.36,255,151,151
37.22,83.83,255,135,135
37.34,82.30,255,119,118
37.48,80.79,255,103,101
37.66,79.29,255,90,85
37.85,77.80,255,78,69
38.08,76.33,255,69,55
38.33,74.88,255,63,42
38.60,73.44,255,61,32
38.90,72.03,255,62,22
39.22,70.64,255,67,15
39.56,69.27,255,76,9
39.92,67.93,255,87,5
40.31,66.61,255,101,2
40.72,65.32,254,117,1
41.15,64.06,253,135,0
41.59,62.82,251,152,0
42.06,61.61,247,169,0
42.54,60.42,241,186,0
43.05,59.26,234,200,0
43.57,58.13,226,213,0
44.10,57.03,215,223,0
44.65,55.95,203,233,0
45.22,54.90,189,240,0
45.80,53.88,173,246,0
46.40,52.88,156,250,0
47.01,51.91,138,253,1
47.63,50.96,121,254,2
48.27,50.04,103,255,4
48.92,49.14,86,255,8
49.58,48.27,69,255,14
50.25,47.42,55,255,21
50.93,46.59,42,255,29
51.62,45.78,32,255,40
52.33,45.00,22,255,52
53.04,44.24,15,255,66
53.76,43.49,9,255,82
54.49,42.77,5,255,99
55.23,42.06,2,254,117
55.97,41.38,1,253,134
56.73,40.71,0,251,152
57.49,40.06,0,247,169
58.26,39.43,0,241,186
59.03,38.81,0,234,200
59.82,38.21,0,226,213
60.61,37.63,0,215,223
61.40,37.06,0,203,233
62.20,36.50,0,189,240
63.01,35.96,0,173,246
63.82,35.43,0,156,250
64.64,34.92,1,138,253
65.46,34.42,2,121,254
66.29,33.93,4,103,255
67.12,33.45,8,86,255
67.96,32.99,12,69,255
68.80,32.54,16,55,255
69.64,32.09,21,42,255
70.49,31.66,26,32,255
71.34,31.24,31,22,255
72.20,30.83,36,15,255
73.06,30.43,255,255,255
38.00,90.00,255,255,255
38.01,88.49,255,180,180
38.05,86.99,255,166,166
38.12,85.49,255,151,151
38.21,83.99,255,134,134
38.33,82.50,255,118,118
38.47,81.03,255,103,101
38.64,79.56,255,90,85
38.83,78.11,255,78,69
39.05,76.68,255,69,55
39.29,75.26,255,63,42
39.56,73.86,255,61,31
39.85,72.47,255,62,22
40.16,71.11,255,67,15
40.50,69.78,255,76,9
40.85,68.46,255,87,5
41.23,67.17,255,101,2
41.63,65.90,254,117,1
42.05,64.65,253,135,0
42.49,63.43,250,152,0
42.94,62.24,247,169,0
43.42,61.07,241,186,0
43.91,59.93,234,200,0
44.42,58.82,225,213,0
44.94,57.72,215,224,0
45.49,56.66,203,233,0
46.04,55.62,189,240,0
46.62,54.61,173,246,0
47.20,53.62,156,250,0
47.80,52.65,138,253,1
48.41,51.71,121,254,2
49.04,50.79,103,255,5
49.68,49.90,86,255,8
50.33,49.03,69,255,14
50.99,48.18,55,255,21
51.66,47.35,42,255,30
52.35,46.55,31,255,40
53.04,45.76,22,255,52
53.74,45.00,15,255,66
54.45,44.26,9,255,82
55.17,43.53,5,255,99
55.90,42.83,2,254,117
56.64,42.14,1,253,134
57.38,41.47,0,250,152
58.14,40.82,0,247,169
58.90,40.18,0,241,186
59.67,39.56,0,234,200
60.44,38.96,0,225,213
61.22,38.37,0,215,224
62.01,37.79,0,203,233
62.80,37.23,0,189,240
63.60,36.69,0,173,246
64.40,36.16,0,156,250
65.22,35.64,1,138,253
66.03,35.13,2,121,254
66.85,34.64,5,103,255
67.68,34.16,8,86,255
68.51,33.69,12,69,255
69.34,33.23,16,55,255
70.18,32.78,21,42,255
71.02,32.35,26,31,255
71.87,31.92,31,22,255
72.72,31.50,36,15,255
73.57,31.10,255,255,255
39.00,90.00,255,255,255
39.01,88.53,255,180,180
39.05,87.06,255,166,166
39.12,85.60,255,150,150
39.20,84.14,255,134,134
39.32,82.69,255,118,118
39.46,81.25,255,103,101
39.62,79.82,255,89,85
39.81,78.41,255,78,69
40.02,77.01,255,69,55
40.26,75.62,255,63,42
40.52,74.25,255,61,31
40.80,72.90,255,62,22
41.11,71.57,255,67,15
41.44,70.25,255,76,9
41.79,68.96,255,87,5
42.15,67.69,255,101,2
42.54,66.45,254,117,1
42.95,65.22,253,135,0
43.38,64.03,250,152,0
43.83,62.85,246,170,0
44.29,61.70,241,186,0
44.78,60.57,234,200,0
45.28,59.47,225,213,0
45.79,58.39,215,224,0
46.32,57.34,203,233,0
46.87,56.31,188,240,0
47.43,55.30,173,246,0
48.01,54.32,156,250,0
48.60,53.37,138,253,1
49.20,52.43,120,254,2
49.82,51.52,103,255,5
50.45,50.63,85,255,9
51.09,49.76,69,255,14
51.74,48.92,55,255,21
52.40,48.09,42,255,30
53.08,47.29,31,255,40
53.76,46.51,22,255,52
54.45,45.74,15,255,67
55.15,45.00,9,255,82
55.87,44.27,5,255,99
56.59,43.57,2,254,117
57.31,42.88,1,253,135
58.05,42.21,0,250,152
58.80,41.55,0,246,170
59.55,40.91,0,241,186
60.31,40.29,0,234,200
61.07,39.69,0,225,213
61.85,39.09,0,215,224
62.63,38.52,0,203,233
63.41,37.95,0,188,240
64.20,37.41,0,173,246
65.00,36.87,0,156,250
65.80,36.35,1,138,253
66.61,35.84,2,120,254
67.42,35.34,5,103,255
68.24,34.85,8,85,255
69.07,34.38,12,69,255
69.89,33.92,16,55,255
70.72,33.47,21,42,255
71.56,33.02,26,31,255
72.40,32.59,31,22,255
73.25,32.17,37,15,255
74.09,31.76,255,255,255
40.00,90.00,255,255,255
40.01,88.57,255,180,180
40.05,87.14,255,166,166
40.11,85.71,255,150,150
40.20,84.29,255,134,134
40.31,82.87,255,118,118
40.45,81.47,255,103,101
40.61,80.07,255,90,85
40.79,78.69,255,78,70
41.00,77.32,255,69,55
41.23,75.96,255,63,42
41.48,74.62,255,61,31
41.76,73.30,255,62,22
42.06,72.00,255,67,15
42.38,70.71,255,75,9
42.72,69.44,255,87,5
43.08,68.20,255,101,2
43.46,66.97,254,117,1
43.86,65.77,253,135,0
44.28,64.59,250,152,0
44.72,63.43,246,169,0
45.18,62.30,241,185,0
45.65,61.19,234,200,0
46.14,60.10,225,213,0
46.65,59.04,215,224,0
47.17,57.99,203,233,0
47.71,56.98,189,240,0
48.26,55.98,173,246,0
48.83,55.01,156,250,0
49.41,54.06,138,253,1
50.00,53.13,120,254,2
50.61,52.22,103,255,5
51.22,51.34,86,255,9
51.86,50.48,70,255,14
52.50,49.64,55,255,21
53.15,48.81,42,255,30
53.81,48.01,31,255,40
54.49,47.23,22,255,52
55.17,46.47,15,255,66
55.87,45.73,9,255,82
56.57,45.00,5,255,99
57.28,44.29,2,254,117
58.00,43.60,1,253,135
58.73,42.93,0,250,152
59.46,42.27,0,246,169
60.21,41.63,0,241,185
60.96,41.01,0,234,200
61.72,40.40,0,225,213
62.48,39.81,0,215,224
63.25,39.23,0,203,233
64.03,38.66,0,189,240
64.82,38.11,0,173,246
65.60,37.57,0,156,250
66.40,37.04,1,138,253
67.20,36.53,2,120,254
68.01,36.03,5,103,255
68.82,35.54,8,86,255
69.63,35.06,12,70,255
70.46,34.59,17,55,255
71.28,34.14,21,42,255
72.11,33.69,26,31,255
72.95,33.25,31,22,255
73.78,32.83,36,15,255
74.63,32.41,255,255,255
41.00,90.00,255,255,255
41.01,88.60,255,180,180
41.05,87.21,255,166,166
41.11,85.82,255,150,150
41.19,84.43,255,134,134
41.30,83.05,255,118,118
41.44,81.67,255,103,101
41.59,80.31,255,89,85
41.77,78.96,255,78,69
41.98,77.62,255,69,55
42.20,76.29,255,63,42
42.45,74.98,255,61,31
42.72,73.69,255,62,22
43.01,72.41,255,67,15
43.32,71.15,255,76,9
43.66,69.90,255,87,5
44.01,68.68,255,101,2
44.38,67.48,254,117,1
44.78,66.30,253,135,0
45.19,65.14,250,152,0
45.62,64.00,246,170,0
46.07,62.88,241,186,0
46.53,61.78,234,200,0
47.01,60.71,225,213,0
47.51,59.66,215,224,0
48.02,58.63,203,233,0
48.55,57.62,188,240,0
49.09,56.63,173,246,0
49.65,55.67,156,250,0
50.22,54.73,138,253,1
50.80,53.81,120,254,2
51.40,52.91,103,255,5
52.01,52.03,85,255,9
52.63,51.17,69,255,14
53.26,50.33,55,255,21
53.91,49.51,42,255,30
54.56,48.72,31,255,40
55.23,47.94,22,255,52
55.90,47.17,15,255,67
56.59,46.43,9,255,82
57.28,45.71,5,255,99
57.98,45.00,2,254,117
58.69,44.31,1,253,135
59.41,43.64,0,250,152
60.14,42.98,0,246,170
60.88,42.34,0,241,186
61.62,41.71,0,234,200
62.37,41.10,0,225,213
63.13,40.50,0,215,224
63.89,39.92,0,203,233
64.66,39.35,0,188,240
65.44,38.80,0,173,246
66.22,38.25,0,156,250
67.01,37.72,1,138,253
67.80,37.21,2,120,254
68.60,36.70,5,103,255
69.40,36.21,8,85,255
70.21,35.73,12,69,255
71.03,35.26,16,55,255
71.85,34.80,21,42,255
72.67,34.35,26,31,255
73.50,33.91,31,22,255
74.33,33.48,37,15,255
75.17,33.06,255,255,255
42.00,90.00,255,255,255
42.01,88.64,255,180,180
42.05,87.27,255,166,166
42.11,85.91,255,151,151
42.19,84.56,255,134,134
42.30,83.21,255,118,118
42.43,81.87,255,103,101
42.58,80.54,255,90,85
42.76,79.22,255,78,69
42.95,77.91,255,69,55
43.17,76.61,255,63,42
43.42,75.32,255,61,31
43.68,74.05,255,62,22
43.97,72.80,255,67,15
44.27,71.57,255,76,9
44.60,70.35,255,87,5
44.94,69.15,255,101,2
45.31,67.96,254,117,1
45.69,66.80,253,135,0
46.10,65.66,250,152,0
46.52,64.54,247,169,0
46.96,63.43,241,186,0
47.41,62.35,234,200,0
47.89,61.29,225,213,0
48.37,60.26,215,224,0
48.88,59.24,203,233,0
49.40,58.24,189,240,0
49.93,57.26,173,246,0
50.48,56.31,156,250,0
51.04,55.38,138,253,1
51.61,54.46,121,254,2
52.20,53.57,103,255,5
52.80,52.70,86,255,8
53.41,51.84,69,255,14
54.04,51.01,55,255,21
54.67,50.19,42,255,30
55.32,49.40,31,255,40
55.97,48.62,22,255,52
56.64,47.86,15,255,66
57.31,47.12,9,255,82
58.00,46.40,5,255,99
58.69,45.69,2,254,117
59.40,45.00,1,253,134
60.11,44.33,0,250,152
60.83,43.67,0,247,169
61.55,43.03,0,241,186
62.29,42.40,0,234,200
63.03,41.78,0,225,213
63.78,41.19,0,215,224
64.54,40.60,0,203,233
65.30,40.03,0,189,240
66.07,39.47,0,173,246
66.84,38.93,0,156,250
67.62,38.40,1,138,253
68.41,37.87,2,121,254
69.20,37.37,5,103,255
70.00,36.87,8,86,255
70.80,36.38,12,69,255
71.61,35.91,16,55,255
72.42,35.45,21,42,255
73.24,34.99,26,31,255
74.06,34.55,31,22,255
74.89,34.11,36,15,255
75.72,33.69,255,255,255
43.00,90.00,255,255,255
43.01,88.67,255,180,180
43.05,87.34,255,166,166
43.10,86.01,255,151,151
43.19,84.69,255,135,135
43.29,83.37,255,119,118
43.42,82.06,255,103,101
43.57,80.75,255,90,85
43.74,79.46,255,78,69
43.93,78.18,255,69,55
44.15,76.91,255,63,42
44.38,75.65,255,61,32
44.64,74.41,255,62,22
44.92,73.18,255,67,15
45.22,71.97,255,76,9
45.54,70.77,255,87,5
45.88,69.59,255,101,2
46.24,68.43,254,117,1
46.62,67.29,253,135,0
47.01,66.16,251,152,0
47.42,65.06,247,169,0
47.85,63.97,241,186,0
48.30,62.90,234,200,0
48.76,61.86,226,213,0
49.24,60.83,215,223,0
49.74,59.83,203,233,0
50.25,58.84,189,240,0
50.77,57.88,173,246,0
51.31,56.93,156,250,0
51.87,56.00,138,253,1
52.43,55.10,121,254,2
53.01,54.21,103,255,4
53.60,53.34,86,255,8
54.20,52.50,69,255,14
54.82,51.67,55,255,21
55.44,50.86,42,255,29
56.08,50.06,32,255,40
56.73,49.29,22,255,52
57.38,48.53,15,255,66
58.05,47.79,9,255,82
58.73,47.07,5,255,99
59.41,46.36,2,254,117
60.11,45.67,1,253,134
60.81,45.00,0,251,152
61.52,44.34,0,247,169
62.24,43.70,0,241,186
62.97,43.07,0,234,200
63.70,42.46,0,226,213
64.44,41.86,0,215,223
65.19,41.27,0,203,233
65.95,40.70,0,189,240
66.71,40.14,0,173,246
67.48,39.59,0,156,250
68.25,39.05,1,138,253
69.03,38.53,2,121,254
69.81,38.02,4,103,255
70.60,37.52,8,86,255
71.40,37.03,12,69,255
72.20,36.55,16,55,255
73.01,36.09,21,42,255
73.82,35.63,26,32,255
74.63,35.18,31,22,255
75.45,34.74,36,15,255
76.28,34.32,255,255,255
44.00,90.00,255,255,255
44.01,88.70,255,181,181
44.05,87.40,255,166,166
44.10,86.10,255,151,151
44.18,84.81,255,135,135
44.28,83.52,255,119,118
44.41,82.23,255,103,101
44.55,80.96,255,90,85
44.72,79.70,255,78,70
44.91,78.44,255,69,55
45.12,77.20,255,63,43
45.35,75.96,255,61,32
45.61,74.74,255,62,23
45.88,73.54,255,67,15
46.17,72.35,255,76,9
46.49,71.18,255,87,5
46.82,70.02,255,101,2
47.17,68.88,254,117,1
47.54,67.75,253,135,0
47.93,66.64,251,152,0
48.33,65.56,247,169,0
48.75,64.49,241,185,0
49.19,63.43,234,200,0
49.65,62.40,226,212,0
50.12,61.39,215,223,0
50.61,60.40,203,232,0
51.11,59.42,189,240,0
51.62,58.47,173,246,0
52.15,57.53,156,250,0
52.70,56.61,138,253,1
53.25,55.71,121,254,2
53.82,54.83,103,255,4
54.41,53.97,86,255,8
55.00,53.13,70,255,14
55.61,52.31,55,255,21
56.22,51.50,43,255,29
56.85,50.71,32,255,40
57.49,49.94,23,255,52
58.14,49.18,15,255,66
58.80,48.45,9,255,82
59.46,47.73,5,255,99
60.14,47.02,2,254,117
60.83,46.33,1,253,134
61.52,45.66,0,251,152
62.23,45.00,0,247,169
62.94,44.36,0,241,185
63.66,43.73,0,234,200
64.38,43.11,0,226,212
65.12,42.51,0,215,223
65.86,41.92,0,203,232
66.60,41.35,0,189,240
67.36,40.79,0,173,246
68.12,40.24,0,156,250
68.88,39.70,1,138,253
69.66,39.17,2,121,254
70.43,38.66,4,103,255
71.22,38.16,8,86,255
72.01,37.67,12,70,255
72.80,37.18,16,55,255
73.60,36.71,21,43,255
74.40,36.25,26,32,255
75.21,35.80,31,23,255
76.03,35.36,36,15,255
76.84,34.93,255,255,255
45.00,90.00,255,255,255
45.01,88.73,255,181,181
45.04,87.46,255,166,166
45.10,86.19,255,151,151
45.18,84.92,255,135,135
45.28,83.66,255,119,118
45.40,82.41,255,103,101
45.54,81.16,255,90,85
45.71,79.92,255,78,70
45.89,78.69,255,69,55
46.10,77.47,255,63,43
46.32,76.26,255,61,32
46.57,75.07,255,62,23
46.84,73.89,255,67,15
47.13,72.72,255,76,9
47.43,71.57,255,87,5
47.76,70.43,255,101,2
48.10,69.30,254,117,1
48.47,68.20,253,135,0
48.85,67.11,251,152,0
49.24,66.04,247,169,0
49.66,64.98,241,185,0
50.09,63.95,234,200,0
50.54,62.93,226,212,0
51.00,61.93,215,223,0
51.48,60.95,203,232,0
51.97,59.98,189,240,0
52.48,59.04,173,246,0
53.00,58.11,156,250,0
53.54,57.20,138,253,1
54.08,56.31,121,254,2
54.64,55.44,103,255,4
55.22,54.58,86,255,8
55.80,53.75,70,255,14
56.40,52.93,55,255,21
57.01,52.13,43,255,29
57.63,51.34,32,255,40
58.26,50.57,23,255,52
58.90,49.82,15,255,66
59.55,49.09,9,255,82
60.21,48.37,5,255,99
60.88,47.66,2,254,117
61.55,46.97,1,253,134
62.24,46.30,0,251,152
62.94,45.64,0,247,169
63.64,45.00,0,241,185
64.35,44.37,0,234,200
65.07,43.75,0,226,212
65.80,43.15,0,215,223
66.53,42.56,0,203,232
67.27,41.99,0,189,240
68.01,41.42,0,173,246
68.77,40.87,0,156,250
69.53,40.33,1,138,253
70.29,39.81,2,121,254
71.06,39.29,4,103,255
71.84,38.78,8,86,255
72.62,38.29,12,70,255
73.41,37.81,16,55,255
74.20,37.33,21,43,255
75.00,36.87,26,32,255
75.80,36.42,31,23,255
76.61,35.97,36,15,255
77.42,35.54,255,255,255
46.00,90.00,255,255,255
46.01,88.75,255,181,181
46.04,87.51,255,167,167
46.10,86.27,255,151,151
46.17,85.03,255,135,135
46.27,83.80,255,119,118
46.39,82.57,255,103,102
46.53,81.35,255,90,85
46.69,80.13,255,78,70
46.87,78.93,255,69,55
47.07,77.74,255,63,43
47.30,76.55,255,61,32
47.54,75.38,255,62,23
47.80,74.22,255,67,15
48.08,73.07,255,76,10
48.38,71.94,255,87,5
48.70,70.82,255,101,3
49.04,69.72,255,117,1
49.40,68.63,253,135,0
49.77,67.56,251,152,0
50.16,66.50,247,169,0
50.57,65.46,241,185,0
50.99,64.44,234,200,0
51.43,63.43,226,212,0
51.88,62.45,215,223,0
52.35,61.48,203,232,0
52.84,60.52,189,240,0
53.34,59.59,173,245,0
53.85,58.67,156,250,0
54.38,57.77,138,252,0
54.92,56.89,121,254,2
55.47,56.02,103,255,4
56.04,55.18,86,255,8
56.61,54.34,70,255,14
57.20,53.53,55,255,21
57.80,52.73,43,255,29
58.41,51.95,32,255,40
59.03,51.19,23,255,52
59.67,50.44,15,255,66
60.31,49.71,10,255,82
60.96,48.99,5,255,99
61.62,48.29,3,255,117
62.29,47.60,1,253,134
62.97,46.93,0,251,152
63.66,46.27,0,247,169
64.35,45.63,0,241,185
65.05,45.00,0,234,200
65.76,44.38,0,226,212
66.48,43.78,0,215,223
67.21,43.19,0,203,232
67.94,42.61,0,189,240
68.68,42.05,0,173,245
69.43,41.50,0,156,250
70.18,40.96,0,138,252
70.94,40.43,2,121,254
71.70,39.91,4,103,255
72.47,39.40,8,86,255
73.25,38.90,12,70,255
74.03,38.42,16,55,255
74.81,37.94,21,43,255
75.60,37.48,26,32,255
76.40,37.02,31,23,255
77.20,36.57,36,15,255
78.01,36.14,255,255,255
47.00,90.00,255,255,255
47.01,88.78,255,181,181
47.04,87.56,255,167,167
47.10,86.35,255,151,151
47.17,85.14,255,135,135
47.27,83.93,255,119,118
47.38,82.72,255,103,102
47.52,81.53,255,90,85
47.68,80.34,255,78,70
47.85,79.16,255,69,55
48.05,77.99,255,63,43
48.27,76.83,255,61,32
48.51,75.68,255,62,23
48.76,74.54,255,67,15
49.04,73.41,255,76,10
49.34,72.30,255,87,5
49.65,71.20,255,101,3
49.98,70.11,255,117,1
50.33,69.04,253,135,0
50.70,67.99,251,152,0
51.08,66.95,247,169,0
51.48,65.92,241,185,0
51.89,64.92,234,200,0
52.33,63.92,226,212,0
52.77,62.95,215,223,0
53.24,61.99,203,232,0
53.71,61.05,189,240,0
54.20,60.12,173,245,0
54.71,59.22,156,250,0
55.23,58.32,138,252,0
55.76,57.45,121,254,2
56.30,56.59,103,255,4
56.86,55.75,86,255,8
57.43,54.93,70,255,14
58.01,54.12,55,255,21
58.60,53.33,43,255,29
59.20,52.55,32,255,40
59.82,51.79,23,255,52
60.44,51.04,15,255,66
61.07,50.31,10,255,82
61.72,49.60,5,255,99
62.37,48.90,3,255,117
63.03,48.22,1,253,134
63.70,47.54,0,251,152
64.38,46.89,0,247,169
65.07,46.25,0,241,185
65.76,45.62,0,234,200
66.47,45.00,0,226,212
67.18,44.40,0,215,223
67.90,43.81,0,203,232
68.62,43.23,0,189,240
69.35,42.66,0,173,245
70.09,42.11,0,156,250
70.84,41.57,0,138,252
71.59,41.04,2,121,254
72.35,40.52,4,103,255
73.11,40.01,8,86,255
73.88,39.51,12,70,255
74.65,39.02,16,55,255
75.43,38.54,21,43,255
76.22,38.07,26,32,255
77.01,37.61,31,23,255
77.80,37.16,36,15,255
78.60,36.72,255,255,255
48.00,90.00,255,255,255
48.01,88.81,255,181,181
48.04,87.61,255,167,167
48.09,86.42,255,151,151
48.17,85.24,255,135,135
48.26,84.05,255,119,118
48.37,82.87,255,103,102
48.51,81.70,255,90,85
48.66,80.54,255,78,70
48.84,79.38,255,69,55
49.03,78.23,255,63,43
49.24,77.09,255,61,32
49.48,75.96,255,62,23
49.73,74.85,255,67,15
50.00,73.74,255,76,10
50.29,72.65,255,87,5
50.60,71.57,255,101,3
50.92,70.50,255,117,1
51.26,69.44,253,135,0
51.62,68.40,251,152,0
52.00,67.38,247,169,0
52.39,66.37,241,185,0
52.80,65.38,234,200,0
53.23,64.40,226,212,0
53.67,63.43,215,223,0
54.12,62.49,203,232,0
54.59,61.56,189,240,0
55.07,60.64,173,245,0
55.57,59.74,156,250,0
56.08,58.86,138,252,0
56.60,57.99,121,254,2
57.14,57.14,103,255,4
57.69,56.31,86,255,8
58.25,55.49,70,255,14
58.82,54.69,55,255,21
59.41,53.90,43,255,29
60.00,53.13,32,255,40
60.61,52.37,23,255,52
61.22,51.63,15,255,66
61.85,50.91,10,255,82
62.48,50.19,5,255,99
63.13,49.50,3,255,117
63.78,48.81,1,253,134
64.44,48.14,0,251,152
65.12,47.49,0,247,169
65.80,46.85,0,241,185
66.48,46.22,0,234,200
67.18,45.60,0,226,212
67.88,45.00,0,215,223
68.59,44.41,0,203,232
69.31,43.83,0,189,240
70.04,43.26,0,173,245
70.77,42.71,0,156,250
71.51,42.17,0,138,252
72.25,41.63,2,121,254
73.00,41.11,4,103,255
73.76,40.60,8,86,255
74.52,40.10,12,70,255
75.29,39.61,16,55,255
76.06,39.13,21,43,255
76.84,38.66,26,32,255
77.62,38.20,31,23,255
78.41,37.75,36,15,255
79.20,37.30,255,255,255
49.00,90.00,255,255,255
49.01,88.83,255,181,181
49.04,87.66,255,167,167
49.09,86.50,255,151,151
49.16,85.33,255,135,135
49.25,84.17,255,119,118
49.37,83.02,255,103,102
49.50,81.87,255,90,85
49.65,80.73,255,78,70
49.82,79.59,255,69,55
50.01,78.47,255,63,43
50.22,77.35,255,61,32
50.45,76.24,255,62,23
50.70,75.14,255,67,15
50.96,74.05,255,76,10
51.24,72.98,255,87,5
51.55,71.92,255,101,3
51.87,70.87,255,117,1
52.20,69.83,253,135,0
52.55,68.81,251,152,0
52.92,67.80,247,169,0
53.31,66.80,241,185,0
53.71,65.82,234,200,0
54.13,64.86,226,212,0
54.56,63.90,215,223,0
55.01,62.97,203,232,0
55.47,62.05,189,240,0
55.95,61.14,173,245,0
56.44,60.26,156,250,0
56.94,59.38,138,252,0
57.45,58.52,121,254,2
57.98,57.68,103,255,4
58.52,56.85,86,255,8
59.08,56.04,70,255,14
59.64,55.24,55,255,21
60.22,54.46,43,255,29
60.80,53.70,32,255,40
61.40,52.94,23,255,52
62.01,52.21,15,255,66
62.63,51.48,10,255,82
63.25,50.77,5,255,99
63.89,50.08,3,255,117
64.54,49.40,1,253,134
65.19,48.73,0,251,152
65.86,48.08,0,247,169
66.53,47.44,0,241,185
67.21,46.81,0,234,200
67.90,46.19,0,226,212
68.59,45.59,0,215,223
69.30,45.00,0,203,232
70.01,44.42,0,189,240
70.72,43.85,0,173,245
71.45,43.30,0,156,250
72.18,42.75,0,138,252
72.92,42.22,2,121,254
73.66,41.70,4,103,255
74.41,41.19,8,86,255
75.17,40.68,12,70,255
75.93,40.19,16,55,255
76.69,39.71,21,43,255
77.47,39.24,26,32,255
78.24,38.77,31,23,255
79.03,38.32,36,15,255
79.81,37.87,255,255,255
50.00,90.00,255,255,255
50.01,88.85,255,181,181
50.04,87.71,255,167,167
50.09,86.57,255,151,151
50.16,85.43,255,135,135
50.25,84.29,255,119,118
50.36,83.16,255,103,102
50.49,82.03,255,90,85
50.64,80.91,255,78,70
50.80,79.80,255,69,55
50.99,78.69,255,63,43
51.20,77.59,255,61,32
51.42,76.50,255,62,23
51.66,75.43,255,67,15
51.92,74.36,255,76,10
52.20,73.30,255,87,5
52.50,72.26,255,101,3
52.81,71.22,255,117,1
53.14,70.20,253,135,0
53.49,69.19,251,152,0
53.85,68.20,247,169,0
54.23,67.22,241,185,0
54.63,66.25,234,200,0
55.04,65.30,226,212,0
55.46,64.36,215,223,0
55.90,63.43,203,232,0
56.36,62.53,189,240,0
56.82,61.63,173,245,0
57.31,60.75,156,250,0
57.80,59.89,138,252,0
58.31,59.04,121,254,2
58.83,58.20,103,255,4
59.36,57.38,86,255,8
59.91,56.58,70,255,14
60.46,55.78,55,255,21
61.03,55.01,43,255,29
61.61,54.25,32,255,40
62.20,53.50,23,255,52
62.80,52.77,15,255,66
63.41,52.05,10,255,82
64.03,51.34,5,255,99
64.66,50.65,3,255,117
65.30,49.97,1,253,134
65.95,49.30,0,251,152
66.60,48.65,0,247,169
67.27,48.01,0,241,185
67.94,47.39,0,234,200
68.62,46.77,0,226,212
69.31,46.17,0,215,223
70.01,45.58,0,203,232
70.71,45.00,0,189,240
71.42,44.43,0,173,245
72.14,43.88,0,156,250
72.86,43.33,0,138,252
73.59,42.80,2,121,254
74.33,42.27,4,103,255
75.07,41.76,8,86,255
75.82,41.26,12,70,255
76.58,40.76,16,55,255
77.34,40.28,21,43,255
78.10,39.81,26,32,255
78.87,39.34,31,23,255
79.65,38.88,36,15,255
80.43,38.44,255,255,255
51.00,90.00,255,255,255
51.01,88.88,255,181,181
51.04,87.75,255,166,166
51.09,86.63,255,151,151
51.16,85.52,255,135,135
51.24,84.40,255,119,118
51.35,83.29,255,103,101
51.48,82.18,255,90,85
51.62,81.09,255,78,70
51.79,79.99,255,69,55
51.97,78.91,255,63,43
52.17,77.83,255,61,32
52.39,76.76,255,62,23
52.63,75.70,255,67,15
52.89,74.65,255,76,9
53.16,73.61,255,87,5
53.45,72.58,255,101,2
53.76,71.57,254,117,1
54.08,70.56,253,135,0
54.42,69.57,251,152,0
54.78,68.59,247,169,0
55.15,67.62,241,185,0
55.54,66.67,234,200,0
55.95,65.73,226,212,0
56.36,64.80,215,223,0
56.80,63.89,203,232,0
57.25,62.99,189,240,0
57.71,62.10,173,246,0
58.18,61.23,156,250,0
58.67,60.38,138,253,1
59.17,59.53,121,254,2
59.68,58.71,103,255,4
60.21,57.89,86,255,8
60.75,57.09,70,255,14
61.29,56.31,55,255,21
61.85,55.54,43,255,29
62.43,54.78,32,255,40
63.01,54.04,23,255,52
63.60,53.31,15,255,66
64.20,52.59,9,255,82
64.82,51.89,5,255,99
65.44,51.20,2,254,117
66.07,50.53,1,253,134
66.71,49.86,0,251,152
67.36,49.21,0,247,169
68.01,48.58,0,241,185
68.68,47.95,0,234,200
69.35,47.34,0,226,212
70.04,46.74,0,215,223
70.72,46.15,0,203,232
71.42,45.57,0,189,240
72.12,45.00,0,173,246
72.84,44.44,0,156,250
73.55,43.90,1,138,253
74.28,43.36,2,121,254
75.01,42.84,4,103,255
75.74,42.32,8,86,255
76.49,41.82,12,70,255
77.23,41.33,16,55,255
77.99,40.84,21,43,255
78.75,40.36,26,32,255
79.51,39.90,31,23,255
80.28,39.44,36,15,255
81.06,38.99,255,255,255
52.00,90.00,255,255,255
52.01,88.90,255,181,181
52.04,87.80,255,166,166
52.09,86.70,255,151,151
52.15,85.60,255,135,135
52.24,84.51,255,119,118
52.35,83.42,255,103,101
52.47,82.33,255,90,85
52.61,81.25,255,78,70
52.77,80.18,255,69,55
52.95,79.11,255,63,43
53.15,78.06,255,61,32
53.37,77.01,255,62,23
53.60,75.96,255,67,15
53.85,74.93,255,76,9
54.12,73.91,255,87,5
54.41,72.90,255,101,2
54.71,71.90,254,117,1
55.03,70.91,253,135,0
55.36,69.93,251,152,0
55.71,68.96,247,169,0
56.08,68.01,241,185,0
56.46,67.07,234,200,0
56.86,66.14,226,212,0
57.27,65.22,215,223,0
57.70,64.32,203,232,0
58.14,63.43,189,240,0
58.59,62.56,173,246,0
59.06,61.70,156,250,0
59.54,60.85,138,253,1
60.03,60.02,121,254,2
60.54,59.20,103,255,4
61.06,58.39,86,255,8
61.59,57.60,70,255,14
62.13,56.82,55,255,21
62.68,56.06,43,255,29
63.25,55.30,32,255,40
63.82,54.57,23,255,52
64.40,53.84,15,255,66
65.00,53.13,9,255,82
65.60,52.43,5,255,99
66.22,51.75,2,254,117
66.84,51.07,1,253,134
67.48,50.41,0,251,152
68.12,49.76,0,247,169
68.77,49.13,0,241,185
69.43,48.50,0,234,200
70.09,47.89,0,226,212
70.77,47.29,0,215,223
71.45,46.70,0,203,232
72.14,46.12,0,189,240
72.84,45.56,0,173,246
73.54,45.00,0,156,250
74.25,44.45,1,138,253
74.97,43.92,2,121,254
75.69,43.39,4,103,255
76.42,42.88,8,86,255
77.16,42.37,12,70,255
77.90,41.88,16,55,255
78.64,41.39,21,43,255
79.40,40.91,26,32,255
80.16,40.45,31,23,255
80.92,39.99,36,15,255
81.69,39.54,255,255,255
53.00,90.00,255,255,255
53.01,88.92,255,180,180
53.04,87.84,255,166,166
53.08,86.76,255,151,151
53.15,85.68,255,135,135
53.24,84.61,255,119,118
53.34,83.54,255,103,101
53.46,82.48,255,90,85
53.60,81.42,255,78,69
53.76,80.36,255,69,55
53.94,79.32,255,63,42
54.13,78.27,255,61,32
54.34,77.24,255,62,22
54.57,76.22,255,67,15
54.82,75.20,255,76,9
55.08,74.20,255,87,5
55.36,73.20,255,101,2
55.66,72.22,254,117,1
55.97,71.24,253,135,0
56.30,70.28,251,152,0
56.65,69.33,247,169,0
57.01,68.39,241,186,0
57.38,67.46,234,200,0
57.78,66.54,226,213,0
58.18,65.64,215,223,0
58.60,64.75,203,233,0
59.03,63.87,189,240,0
59.48,63.00,173,246,0
59.94,62.15,156,250,0
60.42,61.31,138,253,1
60.90,60.49,121,254,2
61.40,59.68,103,255,4
61.91,58.88,86,255,8
62.43,58.09,69,255,14
62.97,57.32,55,255,21
63.51,56.56,42,255,29
64.07,55.81,32,255,40
64.64,55.08,22,255,52
65.22,54.36,15,255,66
65.80,53.65,9,255,82
66.40,52.96,5,255,99
67.01,52.28,2,254,117
67.62,51.60,1,253,134
68.25,50.95,0,251,152
68.88,50.30,0,247,169
69.53,49.67,0,241,186
70.18,49.04,0,234,200
70.84,48.43,0,226,213
71.51,47.83,0,215,223
72.18,47.25,0,203,233
72.86,46.67,0,189,240
73.55,46.10,0,173,246
74.25,45.55,0,156,250
74.95,45.00,1,138,253
75.66,44.46,2,121,254
76.38,43.94,4,103,255
77.10,43.42,8,86,255
77.83,42.92,12,69,255
78.57,42.42,16,55,255
79.31,41.93,21,42,255
80.06,41.46,26,32,255
80.81,40.99,31,22,255
81.57,40.53,36,15,255
82.33,40.07,255,255,255
54.00,90.00,255,255,255
54.01,88.94,255,180,180
54.04,87.88,255,166,166
54.08,86.82,255,151,151
54.15,85.76,255,134,134
54.23,84.71,255,118,118
54.33,83.66,255,103,101
54.45,82.61,255,90,85
54.59,81.57,255,78,69
54.74,80.54,255,69,55
54.92,79.51,255,63,42
55.11,78.49,255,61,31
55.32,77.47,255,62,22
55.54,76.46,255,67,15
55.79,75.47,255,76,9
56.04,74.48,255,87,5
56.32,73.50,255,101,2
56.61,72.53,254,117,1
56.92,71.57,253,135,0
57.25,70.62,250,152,0
57.58,69.68,247,169,0
57.94,68.75,241,186,0
58.31,67.83,234,200,0
58.69,66.93,225,213,0
59.09,66.04,215,224,0
59.51,65.16,203,233,0
59.93,64.29,189,240,0
60.37,63.43,173,246,0
60.83,62.59,156,250,0
61.29,61.76,138,253,1
61.77,60.95,121,254,2
62.27,60.14,103,255,5
62.77,59.35,86,255,8
63.29,58.57,69,255,14
63.81,57.80,55,255,21
64.35,57.05,42,255,30
64.90,56.31,31,255,40
65.46,55.58,22,255,52
66.03,54.87,15,255,66
66.61,54.16,9,255,82
67.20,53.47,5,255,99
67.80,52.79,2,254,117
68.41,52.13,1,253,134
69.03,51.47,0,250,152
69.66,50.83,0,247,169
70.29,50.19,0,241,186
70.94,49.57,0,234,200
71.59,48.96,0,225,213
72.25,48.37,0,215,224
72.92,47.78,0,203,233
73.59,47.20,0,189,240
74.28,46.64,0,173,246
74.97,46.08,0,156,250
75.66,45.54,1,138,253
76.37,45.00,2,121,254
77.08,44.47,5,103,255
77.79,43.96,8,86,255
78.52,43.45,12,69,255
79.25,42.95,16,55,255
79.98,42.47,21,42,255
80.72,41.99,26,31,255
81.47,41.52,31,22,255
82.22,41.05,36,15,255
82.98,40.60,255,255,255
55.00,90.00,255,255,255
55.01,88.96,255,180,180
55.04,87.92,255,166,166
55.08,86.88,255,150,150
55.15,85.84,255,134,134
55.23,84.81,255,118,118
55.33,83.77,255,103,101
55.44,82.75,255,89,85
55.58,81.72,255,78,69
55.73,80.71,255,69,55
55.90,79.70,255,63,42
56.09,78.69,255,61,31
56.29,77.69,255,62,22
56.52,76.70,255,67,15
56.75,75.72,255,76,9
57.01,74.74,255,87,5
57.28,73.78,255,101,2
57.57,72.82,254,117,1
57.87,71.88,253,135,0
58.19,70.94,250,152,0
58.52,70.02,246,170,0
58.87,69.10,241,186,0
59.24,68.20,234,200,0
59.62,67.31,225,213,0
60.01,66.43,215,224,0
60.42,65.56,203,233,0
60.84,64.70,188,240,0
61.27,63.85,173,246,0
61.72,63.02,156,250,0
62.18,62.20,138,253,1
62.65,61.39,120,254,2
63.13,60.59,103,255,5
63.63,59.81,85,255,9
64.14,59.04,69,255,14
64.66,58.28,55,255,21
65.19,57.53,42,255,30
65.73,56.79,31,255,40
66.29,56.07,22,255,52
66.85,55.36,15,255,67
67.42,54.66,9,255,82
68.01,53.97,5,255,99
68.60,53.30,2,254,117
69.20,52.63,1,253,135
69.81,51.98,0,250,152
70.43,51.34,0,246,170
71.06,50.71,0,241,186
71.70,50.09,0,234,200
72.35,49.48,0,225,213
73.00,48.89,0,215,224
73.66,48.30,0,203,233
74.33,47.73,0,188,240
75.01,47.16,0,173,246
75.69,46.61,0,156,250
76.38,46.06,1,138,253
77.08,45.53,2,120,254
77.78,45.00,5,103,255
78.49,44.48,8,85,255
79.21,43.98,12,69,255
79.93,43.48,16,55,255
80.66,42.99,21,42,255
81.39,42.51,26,31,255
82.13,42.04,31,22,255
82.88,41.58,37,15,255
83.63,41.12,255,255,255
56.00,90.00,255,255,255
56.01,88.98,255,180,180
56.04,87.95,255,165,165
56.08,86.93,255,150,150
56.14,85.91,255,134,134
56.22,84.90,255,118,117
56.32,83.88,255,103,101
56.44,82.87,255,89,85
56.57,81.87,255,78,69
56.72,80.87,255,69,55
56.89,79.88,255,63,42
57.07,78.89,255,61,31
57.27,77.91,255,62,22
57.49,76.93,255,67,15
57.72,75.96,255,76,9
57.97,75.00,255,87,5
58.24,74.05,255,102,2
58.52,73.11,254,118,1
58.82,72.18,253,135,0
59.14,71.26,250,153,0
59.46,70.35,246,170,0
59.81,69.44,241,186,0
60.17,68.55,234,200,0
60.54,67.67,225,213,0
60.93,66.80,215,224,0
61.33,65.94,202,233,0
61.74,65.10,188,240,0
62.17,64.26,172,246,0
62.61,63.43,155,250,0
63.06,62.62,138,253,1
63.53,61.82,120,254,2
64.01,61.03,102,255,5
64.50,60.26,85,255,9
65.00,59.49,69,255,14
65.51,58.74,55,255,21
66.04,57.99,42,255,30
66.57,57.26,31,255,40
67.12,56.55,22,255,53
67.68,55.84,15,255,67
68.24,55.15,9,255,83
68.82,54.46,5,255,100
69.40,53.79,2,254,117
70.00,53.13,1,253,135
70.60,52.48,0,250,153
71.22,51.84,0,246,170
71.84,51.22,0,241,186
72.47,50.60,0,234,200
73.11,49.99,0,225,213
73.76,49.40,0,215,224
74.41,48.81,0,202,233
75.07,48.24,0,188,240
75.74,47.68,0,172,246
76.42,47.12,0,155,250
77.10,46.58,1,138,253
77.79,46.04,2,120,254
78.49,45.52,5,102,255
79.20,45.00,8,85,255
79.91,44.49,12,69,255
80.62,43.99,17,55,255
81.34,43.51,21,42,255
82.07,43.03,26,31,255
82.81,42.55,32,22,255
83.55,42.09,37,15,255
84.29,41.63,255,255,255
57.00,90.00,255,255,255
57.01,88.99,255,179,179
57.04,87.99,255,165,165
57.08,86.99,255,149,149
57.14,85.99,255,133,133
57.22,84.99,255,117,117
57.31,83.99,255,102,100
57.43,83.00,255,89,84
57.56,82.01,255,77,69
57.71,81.03,255,68,54
57.87,80.05,255,63,42
58.05,79.08,255,61,31
58.25,78.11,255,62,22
58.46,77.15,255,68,15
58.69,76.20,255,76,9
58.94,75.26,255,88,5
59.20,74.32,255,102,2
59.48,73.39,254,118,1
59.77,72.47,253,136,0
60.08,71.57,250,153,0
60.41,70.67,246,170,0
60.75,69.78,241,186,0
61.10,68.90,234,201,0
61.47,68.03,225,213,0
61.85,67.17,214,224,0
62.24,66.32,202,233,0
62.65,65.48,188,240,0
63.07,64.65,172,246,0
63.51,63.84,155,250,0
63.95,63.03,137,253,1
64.41,62.24,119,254,2
64.88,61.46,102,255,5
65.37,60.69,85,255,9
65.86,59.93,69,255,14
66.37,59.18,54,255,21
66.89,58.45,42,255,30
67.42,57.72,31,255,41
67.96,57.01,22,255,53
68.51,56.31,15,255,67
69.07,55.62,9,255,83
69.63,54.94,5,255,100
70.21,54.27,2,254,118
70.80,53.62,1,253,136
71.40,52.97,0,250,153
72.01,52.33,0,246,170
72.62,51.71,0,241,186
73.25,51.10,0,234,201
73.88,50.49,0,225,213
74.52,49.90,0,214,224
75.17,49.32,0,202,233
75.82,48.74,0,188,240
76.49,48.18,0,172,246
77.16,47.63,0,155,250
77.83,47.08,1,137,253
78.52,46.55,2,119,254
79.21,46.02,5,102,255
79.91,45.51,8,85,255
80.61,45.00,12,69,255
81.32,44.50,17,54,255
82.04,44.01,21,42,255
82.76,43.53,27,31,255
83.49,43.06,32,22,255
84.22,42.59,37,15,255
84.96,42.14,255,255,255
58.00,90.00,255,255,255
58.01,89.01,255,179,179
58.03,88.03,255,165,165
58.08,87.04,255,149,149
58.14,86.05,255,133,133
58.22,85.07,255,117,117
58.31,84.09,255,102,100
58.42,83.12,255,89,84
58.55,82.15,255,77,69
58.69,81.18,255,68,54
58.86,80.22,255,63,42
59.03,79.26,255,61,31
59.23,78.31,255,62,22
59.44,77.37,255,68,15
59.67,76.43,255,76,9
59.91,75.50,255,88,5
60.17,74.58,255,102,2
60.44,73.66,254,118,1
60.73,72.76,253,136,0
61.03,71.86,250,153,0
61.35,70.97,246,170,0
61.68,70.10,241,186,0
62.03,69.23,234,201,0
62.39,68.37,225,213,0
62.77,67.52,214,224,0
63.16,66.68,202,233,0
63.56,65.85,188,240,0
63.98,65.04,172,246,0
64.40,64.23,155,250,0
64.85,63.43,137,253,1
65.30,62.65,119,254,2
65.76,61.88,102,255,5
66.24,61.11,85,255,9
66.73,60.36,69,255,14
67.23,59.62,54,255,21
67.74,58.89,42,255,30
68.26,58.17,31,255,41
68.80,57.46,22,255,53
69.34,56.77,15,255,67
69.89,56.08,9,255,83
70.46,55.41,5,255,100
71.03,54.74,2,254,118
71.61,54.09,1,253,136
72.20,53.45,0,250,153
72.80,52.82,0,246,170
73.41,52.19,0,241,186
74.03,51.58,0,234,201
74.65,50.98,0,225,213
75.29,50.39,0,214,224
75.93,49.81,0,202,233
76.58,49.24,0,188,240
77.23,48.67,0,172,246
77.90,48.12,0,155,250
78.57,47.58,1,137,253
79.25,47.05,2,119,254
79.93,46.52,5,102,255
80.62,46.01,8,85,255
81.32,45.50,12,69,255
82.02,45.00,17,54,255
82.73,44.51,21,42,255
83.45,44.03,27,31,255
84.17,43.56,32,22,255
84.90,43.09,37,15,255
85.63,42.63,255,255,255
59.00,90.00,255,255,255
59.01,89.03,255,179,179
59.03,88.06,255,165,165
59.08,87.09,255,149,149
59.14,86.12,255,133,133
59.21,85.16,255,117,117
59.30,84.19,255,102,100
59.41,83.23,255,89,84
59.54,82.28,255,77,69
59.68,81.33,255,68,54
59.84,80.38,255,63,42
60.02,79.44,255,61,31
60.21,78.50,255,62,22
60.42,77.57,255,68,15
60.64,76.65,255,76,9
60.88,75.74,255,88,5
61.13,74.83,255,102,2
61.40,73.93,254,118,1
61.68,73.03,253,136,0
61.98,72.15,250,153,0
62.30,71.27,246,170,0
62.63,70.41,241,186,0
62.97,69.55,234,201,0
63.32,68.70,225,213,0
63.69,67.86,214,224,0
64.08,67.04,202,233,0
64.47,66.22,188,240,0
64.88,65.41,172,246,0
65.31,64.61,155,250,0
65.74,63.82,137,253,1
66.19,63.05,119,254,2
66.65,62.28,102,255,5
67.12,61.53,85,255,9
67.60,60.78,69,255,14
68.10,60.05,54,255,21
68.60,59.32,42,255,30
69.12,58.61,31,255,41
69.64,57.91,22,255,53
70.18,57.22,15,255,67
70.72,56.53,9,255,83
71.28,55.86,5,255,100
71.85,55.20,2,254,118
72.42,54.55,1,253,136
73.01,53.91,0,250,153
73.60,53.29,0,246,170
74.20,52.67,0,241,186
74.81,52.06,0,234,201
75.43,51.46,0,225,213
76.06,50.87,0,214,224
76.69,50.29,0,202,233
77.34,49.72,0,188,240
77.99,49.16,0,172,246
78.64,48.61,0,155,250
79.31,48.07,1,137,253
79.98,47.53,2,119,254
80.66,47.01,5,102,255
81.34,46.49,8,85,255
82.04,45.99,12,69,255
82.73,45.49,17,54,255
83.44,45.00,21,42,255
84.15,44.52,27,31,255
84.86,44.05,32,22,255
85.59,43.58,37,15,255
86.31,43.12,255,255,255
60.00,90.00,255,255,255
60.01,89.05,255,179,179
60.03,88.09,255,165,165
60.07,87.14,255,149,149
60.13,86.19,255,133,133
60.21,85.24,255,117,117
60.30,84.29,255,102,100
60.41,83.35,255,89,84
60.53,82.41,255,77,69
60.67,81.47,255,68,54
60.83,80.54,255,63,42
61.00,79.61,255,61,31
61.19,78.69,255,62,22
61.39,77.77,255,68,15
61.61,76.87,255,76,9
61.85,75.96,255,88,5
62.10,75.07,255,102,2
62.36,74.18,254,118,1
62.64,73.30,253,136,0
62.94,72.43,250,153,0
63.25,71.57,246,170,0
63.57,70.71,241,186,0
63.91,69.86,234,201,0
64.26,69.03,225,213,0
64.62,68.20,214,224,0
65.00,67.38,202,233,0
65.39,66.57,188,240,0
65.80,65.77,172,246,0
66.21,64.98,155,250,0
66.64,64.20,137,253,1
67.08,63.43,119,254,2
67.54,62.68,102,255,5
68.00,61.93,85,255,9
68.48,61.19,69,255,14
68.96,60.46,54,255,21
69.46,59.74,42,255,30
69.97,59.04,31,255,41
70.49,58.34,22,255,53
71.02,57.65,15,255,67
71.56,56.98,9,255,83
72.11,56.31,5,255,100
72.67,55.65,2,254,118
73.24,55.01,1,253,136
73.82,54.37,0,250,153
74.40,53.75,0,246,170
75.00,53.13,0,241,186
75.60,52.52,0,234,201
76.22,51.93,0,225,213
76.84,51.34,0,214,224
77.47,50.76,0,202,233
78.10,50.19,0,188,240
78.75,49.64,0,172,246
79.40,49.09,0,155,250
80.06,48.54,1,137,253
80.72,48.01,2,119,254
81.39,47.49,5,102,255
82.07,46.97,8,85,255
82.76,46.47,12,69,255
83.45,45.97,17,54,255
84.15,45.48,21,42,255
84.85,45.00,27,31,255
85.56,44.53,32,22,255
86.28,44.06,37,15,255
87.00,43.60,255,255,255
61.00,90.00,255,255,255
61.01,89.06,255,179,179
61.03,88.12,255,165,165
61.07,87.18,255,149,149
61.13,86.25,255,133,133
61.20,85.31,255,117,117
61.29,84.38,255,102,100
61.40,83.45,255,89,84
61.52,82.53,255,77,69
61.66,81.61,255,68,54
61.81,80.69,255,63,42
61.98,79.78,255,61,31
62.17,78.87,255,62,22
62.37,77.97,255,68,15
62.59,77.07,255,76,9
62.82,76.18,255,88,5
63.06,75.30,255,102,2
63.32,74.43,254,118,1
63.60,73.56,253,136,0
63.89,72.70,250,153,0
64.20,71.85,246,170,0
64.51,71.00,241,186,0
64.85,70.17,234,201,0
65.19,69.34,225,213,0
65.55,68.52,214,224,0
65.92,67.71,202,233,0
66.31,66.91,188,240,0
66.71,66.12,172,246,0
67.12,65.34,155,250,0
67.54,64.57,137,253,1
67.98,63.81,119,254,2
68.43,63.06,102,255,5
68.88,62.32,85,255,9
69.35,61.59,69,255,14
69.84,60.87,54,255,21
70.33,60.15,42,255,30
70.83,59.45,31,255,41
71.34,58.76,22,255,53
71.87,58.08,15,255,67
72.40,57.41,9,255,83
72.95,56.75,5,255,100
73.50,56.09,2,254,118
74.06,55.45,1,253,136
74.63,54.82,0,250,153
75.21,54.20,0,246,170
75.80,53.58,0,241,186
76.40,52.98,0,234,201
77.01,52.39,0,225,213
77.62,51.80,0,214,224
78.24,51.23,0,202,233
78.87,50.66,0,188,240
79.51,50.10,0,172,246
80.16,49.55,0,155,250
80.81,49.01,1,137,253
81.47,48.48,2,119,254
82.13,47.96,5,102,255
82.81,47.45,8,85,255
83.49,46.94,12,69,255
84.17,46.44,17,54,255
84.86,45.95,21,42,255
85.56,45.47,27,31,255
86.27,45.00,32,22,255
86.98,44.53,37,15,255
87.69,44.08,255,255,255
62.00,90.00,255,255,255
62.01,89.08,255,179,179
62.03,88.15,255,165,165
62.07,87.23,255,149,149
62.13,86.31,255,133,133
62.20,85.39,255,117,117
62.29,84.47,255,102,100
62.39,83.56,255,89,84
62.51,82.65,255,77,69
62.65,81.74,255,68,54
62.80,80.84,255,63,42
62.97,79.94,255,61,31
63.15,79.05,255,62,22
63.35,78.16,255,68,15
63.56,77.28,255,76,9
63.79,76.40,255,88,5
64.03,75.53,255,102,2
64.29,74.67,254,118,1
64.56,73.81,253,136,0
64.85,72.96,250,153,0
65.15,72.12,246,170,0
65.46,71.29,241,186,0
65.79,70.46,234,201,0
66.13,69.65,225,213,0
66.48,68.84,214,224,0
66.85,68.04,202,233,0
67.23,67.25,188,240,0
67.62,66.47,172,246,0
68.03,65.70,155,250,0
68.45,64.93,137,253,1
68.88,64.18,119,254,2
69.32,63.43,102,255,5
69.77,62.70,85,255,9
70.24,61.98,69,255,14
70.71,61.26,54,255,21
71.20,60.55,42,255,30
71.69,59.86,31,255,41
72.20,59.17,22,255,53
72.72,58.50,15,255,67
73.25,57.83,9,255,83
73.78,57.17,5,255,100
74.33,56.52,2,254,118
74.89,55.89,1,253,136
75.45,55.26,0,250,153
76.03,54.64,0,246,170
76.61,54.03,0,241,186
77.20,53.43,0,234,201
77.80,52.84,0,225,213
78.41,52.25,0,214,224
79.03,51.68,0,202,233
79.65,51.12,0,188,240
80.28,50.56,0,172,246
80.92,50.01,0,155,250
81.57,49.47,1,137,253
82.22,48.95,2,119,254
82.88,48.42,5,102,255
83.55,47.91,8,85,255
84.22,47.41,12,69,255
84.90,46.91,17,54,255
85.59,46.42,21,42,255
86.28,45.94,27,31,255
86.98,45.47,32,22,255
87.68,45.00,37,15,255
88.39,44.54,255,255,255
63.00,90.00,255,255,255
63.01,89.09,255,255,255
63.03,88.18,255,255,255
63.07,87.27,255,255,255
63.13,86.37,255,255,255
63.20,85.46,255,255,255
63.29,84.56,255,255,255
63.39,83.66,255,255,255
63.51,82.76,255,255,255
63.64,81.87,255,255,255
63.79,80.98,255,255,255
63.95,80.10,255,255,255
64.13,79.22,255,255,255
64.33,78.34,255,255,255
64.54,77.47,255,255,255
64.76,76.61,255,255,255
65.00,75.75,255,255,255
65.25,74.90,255,255,255
65.52,74.05,255,255,255
65.80,73.22,255,255,255
66.10,72.39,255,255,255
66.41,71.57,255,255,255
66.73,70.75,255,255,255
67.07,69.94,255,255,255
67.42,69.15,255,255,255
67.78,68.36,255,255,255
68.15,67.57,255,255,255
68.54,66.80,255,255,255
68.94,66.04,255,255,255
69.35,65.28,255,255,255
69.78,64.54,255,255,255
70.21,63.80,255,255,255
70.66,63.07,255,255,255
71.12,62.35,255,255,255
71.59,61.65,255,255,255
72.07,60.95,255,255,255
72.56,60.26,255,255,255
73.06,59.57,255,255,255
73.57,58.90,255,255,255
74.09,58.24,255,255,255
74.63,57.59,255,255,255
75.17,56.94,255,255,255
75.72,56.31,255,255,255
76.28,55.68,255,255,255
76.84,55.07,255,255,255
77.42,54.46,255,255,255
78.01,53.86,255,255,255
78.60,53.28,255,255,255
79.20,52.70,255,255,255
79.81,52.13,255,255,255
80.43,51.56,255,255,255
81.06,51.01,255,255,255
81.69,50.46,255,255,255
82.33,49.93,255,255,255
82.98,49.40,255,255,255
83.63,48.88,255,255,255
84.29,48.37,255,255,255
84.96,47.86,255,255,255
85.63,47.37,255,255,255
86.31,46.88,255,255,255
87.00,46.40,255,255,255
87.69,45.92,255,255,255
88.39,45.46,255,255,255
89.10,45.00,255,255,255

