0.00,0.00,0,127,70
1.00,0.00,0,255,144
2.00,0.00,0,127,14
3.00,0.00,0,0,0
4.00,0.00,0,0,0
5.00,0.00,0,0,0
6.00,0.00,0,0,0
7.00,0.00,0,0,0
8.00,0.00,255,0,0
9.00,0.00,0,0,0
10.00,0.00,0,0,0
11.00,0.00,0,0,0
12.00,0.00,0,0,0
13.00,0.00,0,0,0
14.00,0.00,255,0,0
15.00,0.00,0,0,0
16.00,0.00,0,0,0
17.00,0.00,0,0,0
18.00,0.00,0,0,0
19.00,0.00,0,0,0
20.00,0.00,0,0,0
21.00,0.00,0,0,0
22.00,0.00,255,0,0
23.00,0.00,0,0,0
24.00,0.00,0,0,0
25.00,0.00,0,0,0
26.00,0.00,0,0,0
27.00,0.00,0,0,0
28.00,0.00,0,0,0
29.00,0.00,0,0,0
1.00,90.00,0,0,0
1.41,45.00,0,0,0
2.24,26.57,0,127,70
3.16,18.43,0,255,144
4.12,14.04,0,127,70
5.10,11.31,0,0,0
6.08,9.46,0,0,0
7.07,8.13,0,0,0
8.06,7.13,255,0,0
9.06,6.34,0,0,0
10.05,5.71,0,0,0
11.05,5.19,0,0,0
12.04,4.76,0,0,0
13.04,4.40,0,0,0
14.04,4.09,255,0,0
15.03,3.81,0,0,0
16.03,3.58,0,0,0
17.03,3.37,0,0,0
18.03,3.18,0,0,0
19.03,3.01,0,0,0
20.02,2.86,0,0,0
21.02,2.73,0,0,0
22.02,2.60,255,0,0
23.02,2.49,0,0,0
24.02,2.39,0,0,0
25.02,2.29,0,0,0
26.02,2.20,0,0,0
27.02,2.12,0,0,0
28.02,2.05,0,0,0
29.02,1.97,0,0,0
2.00,90.00,0,0,0
2.24,63.43,0,0,0
2.83,45.00,0,0,0
3.61,33.69,0,0,0
4.47,26.57,0,127,70
5.39,21.80,0,255,144
6.32,18.43,0,127,70
7.28,15.95,0,0,0
8.25,14.04,255,0,0
9.22,12.53,0,0,0
10.20,11.31,0,0,0
11.18,10.30,0,0,0
12.17,9.46,0,0,0
13.15,8.75,0,0,0
14.14,8.13,255,0,0
15.13,7.59,0,0,0
16.12,7.13,0,0,0
17.12,6.71,0,0,0
18.11,6.34,0,0,0
19.10,6.01,0,0,0
20.10,5.71,0,0,0
21.10,5.44,0,0,0
22.09,5.19,255,0,0
23.09,4.97,0,0,0
24.08,4.76,0,0,0
25.08,4.57,0,0,0
26.08,4.40,0,0,0
27.07,4.24,0,0,0
28.07,4.09,0,0,0
29.07,3.95,0,0,0
3.00,90.00,0,0,0
3.16,71.57,0,0,0
3.61,56.31,0,0,0
4.24,45.00,0,0,0
5.00,36.87,0,0,0
5.83,30.96,0,255,144
6.71,26.57,0,127,70
7.62,23.20,0,255,144
8.54,20.56,0,127,70
9.49,18.43,0,0,0
10.44,16.70,0,0,0
11.40,15.26,0,0,0
12.37,14.04,0,0,0
13.34,12.99,0,0,0
14.32,12.09,255,0,0
15.30,11.31,0,0,0
16.28,10.62,0,0,0
17.26,10.01,0,0,0
18.25,9.46,0,0,0
19.24,8.97,0,0,0
20.22,8.53,0,0,0
21.21,8.13,0,0,0
22.20,7.77,255,0,0
23.19,7.43,0,0,0
24.19,7.13,0,0,0
25.18,6.84,0,0,0
26.17,6.58,0,0,0
27.17,6.34,0,0,0
28.16,6.12,0,0,0
29.15,5.91,0,0,0
4.00,90.00,0,0,0
4.12,75.96,0,0,0
4.47,63.43,0,0,0
5.00,53.13,0,0,0
5.66,45.00,0,0,0
6.40,38.66,0,0,0
7.21,33.69,0,0,0
8.06,29.74,0,255,144
8.94,26.57,0,127,70
9.85,23.96,0,255,144
10.77,21.80,0,127,70
11.70,19.98,0,0,0
12.65,18.43,0,0,0
13.60,17.10,0,0,0
14.56,15.95,255,0,0
15.52,14.93,0,0,0
16.49,14.04,0,0,0
17.46,13.24,0,0,0
18.44,12.53,0,0,0
19.42,11.89,0,0,0
20.40,11.31,0,0,0
21.38,10.78,0,0,0
22.36,10.30,255,0,0
23.35,9.87,0,0,0
24.33,9.46,0,0,0
25.32,9.09,0,0,0
26.31,8.75,0,0,0
27.29,8.43,0,0,0
28.28,8.13,0,0,0
29.27,7.85,0,0,0
5.00,90.00,0,0,0
5.10,78.69,0,0,0
5.39,68.20,0,0,0
5.83,59.04,0,0,0
6.40,51.34,0,0,0
7.07,45.00,0,0,0
7.81,39.81,0,0,0
8.60,35.54,0,0,0
9.43,32.01,0,0,0
10.30,29.05,0,255,144
11.18,26.57,0,127,70
12.08,24.44,0,255,144
13.00,22.62,0,127,70
13.93,21.04,0,0,0
14.87,19.65,255,0,0
15.81,18.43,0,0,0
16.76,17.35,0,0,0
17.72,16.39,0,0,0
18.68,15.52,0,0,0
19.65,14.74,0,0,0
20.62,14.04,0,0,0
21.59,13.39,0,0,0
22.56,12.80,255,0,0
23.54,12.26,0,0,0
24.52,11.77,0,0,0
25.50,11.31,0,0,0
26.48,10.89,0,0,0
27.46,10.49,0,0,0
28.44,10.12,0,0,0
29.43,9.78,0,0,0
6.00,90.00,0,0,0
6.08,80.54,0,0,0
6.32,71.57,0,0,0
6.71,63.43,0,0,0
7.21,56.31,0,0,0
7.81,50.19,0,0,0
8.49,45.00,0,0,0
9.22,40.60,0,0,0
10.00,36.87,0,0,0
10.82,33.69,0,0,0
11.66,30.96,0,127,70
12.53,28.61,0,255,144
13.42,26.57,0,127,70
14.32,24.78,0,255,144
15.23,23.20,0,127,70
16.16,21.80,0,0,0
17.09,20.56,0,0,0
18.03,19.44,0,0,0
18.97,18.43,0,0,0
19.92,17.53,0,0,0
20.88,16.70,0,0,0
21.84,15.95,0,0,0
22.80,15.26,255,0,0
23.77,14.62,0,0,0
24.74,14.04,0,0,0
25.71,13.50,0,0,0
26.68,12.99,0,0,0
27.66,12.53,0,0,0
28.64,12.09,0,0,0
29.61,11.69,0,0,0
7.00,90.00,0,0,0
7.07,81.87,0,0,0
7.28,74.05,0,0,0
7.62,66.80,0,0,0
8.06,60.26,0,0,0
8.60,54.46,0,0,0
9.22,49.40,0,0,0
9.90,45.00,0,0,0
10.63,41.19,0,0,0
11.40,37.87,0,0,0
12.21,34.99,0,0,0
13.04,32.47,0,0,0
13.89,30.26,0,127,70
14.76,28.30,0,255,144
15.65,26.57,0,127,70
16.55,25.02,0,255,144
17.46,23.63,0,127,70
18.38,22.38,0,0,0
19.31,21.25,0,0,0
20.25,20.22,0,0,0
21.19,19.29,0,0,0
22.14,18.43,0,0,0
23.09,17.65,255,0,0
24.04,16.93,0,0,0
25.00,16.26,0,0,0
25.96,15.64,0,0,0
26.93,15.07,0,0,0
27.89,14.53,0,0,0
28.86,14.04,0,0,0
29.83,13.57,0,0,0
8.00,90.00,0,0,0
8.06,82.87,0,0,0
8.25,75.96,0,0,0
8.54,69.44,0,0,0
8.94,63.43,0,0,0
9.43,57.99,0,0,0
10.00,53.13,0,0,0
10.63,48.81,0,0,0
11.31,45.00,0,0,0
12.04,41.63,0,0,0
12.81,38.66,0,0,0
13.60,36.03,0,0,0
14.42,33.69,0,0,0
15.26,31.61,0,0,0
16.12,29.74,0,127,70
17.00,28.07,0,255,144
17.89,26.57,0,127,70
18.79,25.20,0,255,144
19.70,23.96,0,127,70
20.62,22.83,0,0,0
21.54,21.80,0,0,0
22.47,20.85,0,0,0
23.41,19.98,255,0,0
24.35,19.18,0,0,0
25.30,18.43,0,0,0
26.25,17.74,0,0,0
27.20,17.10,0,0,0
28.16,16.50,0,0,0
29.12,15.95,0,0,0
30.08,15.42,0,0,0
9.00,90.00,0,0,0
9.06,83.66,0,0,0
9.22,77.47,0,0,0
9.49,71.57,0,0,0
9.85,66.04,0,0,0
10.30,60.95,0,0,0
10.82,56.31,0,0,0
11.40,52.13,0,0,0
12.04,48.37,0,0,0
12.73,45.00,0,0,0
13.45,41.99,0,0,0
14.21,39.29,0,0,0
15.00,36.87,0,0,0
15.81,34.70,0,0,0
16.64,32.74,0,0,0
17.49,30.96,0,0,0
18.36,29.36,0,127,70
19.24,27.90,0,255,144
20.12,26.57,0,127,70
21.02,25.35,0,255,144
21.93,24.23,0,127,70
22.85,23.20,0,0,0
23.77,22.25,255,0,0
24.70,21.37,0,0,0
25.63,20.56,0,0,0
26.57,19.80,0,0,0
27.51,19.09,0,0,0
28.46,18.43,0,0,0
29.41,17.82,0,0,0
30.36,17.24,0,0,0
10.00,90.00,0,0,0
10.05,84.29,0,0,0
10.20,78.69,0,0,0
10.44,73.30,0,0,0
10.77,68.20,0,0,0
11.18,63.43,0,0,0
11.66,59.04,0,0,0
12.21,55.01,0,0,0
12.81,51.34,0,0,0
13.45,48.01,0,0,0
14.14,45.00,0,0,0
14.87,42.27,0,0,0
15.62,39.81,0,0,0
16.40,37.57,0,0,0
17.20,35.54,0,0,0
18.03,33.69,0,0,0
18.87,32.01,0,0,0
19.72,30.47,0,255,144
20.59,29.05,0,127,70
21.47,27.76,0,255,144
22.36,26.57,0,127,70
23.26,25.46,0,255,144
24.17,24.44,0,127,70
25.08,23.50,0,0,0
26.00,22.62,0,0,0
26.93,21.80,0,0,0
27.86,21.04,0,0,0
28.79,20.32,0,0,0
29.73,19.65,0,0,0
30.68,19.03,0,0,0
11.00,90.00,0,0,0
11.05,84.81,0,0,0
11.18,79.70,0,0,0
11.40,74.74,0,0,0
11.70,70.02,0,0,0
12.08,65.56,0,0,0
12.53,61.39,0,0,0
13.04,57.53,0,0,0
13.60,53.97,0,0,0
14.21,50.71,0,0,0
14.87,47.73,0,0,0
15.56,45.00,0,0,0
16.28,42.51,0,0,0
17.03,40.24,0,0,0
17.80,38.16,0,0,0
18.60,36.25,0,0,0
19.42,34.51,0,0,0
20.25,32.91,0,0,0
21.10,31.43,0,0,0
21.95,30.07,0,255,144
22.83,28.81,0,127,70
23.71,27.65,0,255,144
24.60,26.57,0,127,70
25.50,25.56,0,255,144
26.40,24.62,0,127,70
27.31,23.75,0,0,0
28.23,22.93,0,0,0
29.15,22.17,0,0,0
30.08,21.45,0,0,0
31.02,20.77,0,0,0
12.00,90.00,0,0,0
12.04,85.24,0,0,0
12.17,80.54,0,0,0
12.37,75.96,0,0,0
12.65,71.57,0,0,0
13.00,67.38,0,0,0
13.42,63.43,0,0,0
13.89,59.74,0,0,0
14.42,56.31,0,0,0
15.00,53.13,0,0,0
15.62,50.19,0,0,0
16.28,47.49,0,0,0
16.97,45.00,0,0,0
17.69,42.71,0,0,0
18.44,40.60,0,0,0
19.21,38.66,0,0,0
20.00,36.87,0,0,0
20.81,35.22,0,0,0
21.63,33.69,0,0,0
22.47,32.28,0,0,0
23.32,30.96,0,0,0
24.19,29.74,0,255,144
25.06,28.61,0,127,70
25.94,27.55,0,255,144
26.83,26.57,0,127,70
27.73,25.64,0,255,144
28.64,24.78,0,127,70
29.55,23.96,0,0,0
30.46,23.20,0,0,0
31.38,22.48,0,0,0
13.00,90.00,0,0,0
13.04,85.60,0,0,0
13.15,81.25,0,0,0
13.34,77.01,0,0,0
13.60,72.90,0,0,0
13.93,68.96,0,0,0
14.32,65.22,0,0,0
14.76,61.70,0,0,0
15.26,58.39,0,0,0
15.81,55.30,0,0,0
16.40,52.43,0,0,0
17.03,49.76,0,0,0
17.69,47.29,0,0,0
18.38,45.00,0,0,0
19.10,42.88,0,0,0
19.85,40.91,0,0,0
20.62,39.09,0,0,0
21.40,37.41,0,0,0
22.20,35.84,0,0,0
23.02,34.38,0,0,0
23.85,33.02,0,0,0
24.70,31.76,0,0,0
25.55,30.58,0,0,0
26.42,29.48,0,255,144
27.29,28.44,0,127,70
28.18,27.47,0,255,144
29.07,26.57,0,127,70
29.97,25.71,0,255,144
30.87,24.90,0,127,70
31.78,24.15,0,0,0
14.00,90.00,0,0,0
14.04,85.91,0,0,0
14.14,81.87,0,0,0
14.32,77.91,0,0,0
14.56,74.05,0,0,0
14.87,70.35,0,0,0
15.23,66.80,0,0,0
15.65,63.43,0,0,0
16.12,60.26,0,0,0
16.64,57.26,0,0,0
17.20,54.46,0,0,0
17.80,51.84,0,0,0
18.44,49.40,0,0,0
19.10,47.12,0,0,0
19.80,45.00,0,0,0
20.52,43.03,0,0,0
21.26,41.19,0,0,0
22.02,39.47,0,0,0
22.80,37.87,0,0,0
23.60,36.38,0,0,0
24.41,34.99,0,0,0
25.24,33.69,0,0,0
26.08,32.47,0,0,0
26.93,31.33,0,0,0
27.78,30.26,0,0,0
28.65,29.25,0,255,144
29.53,28.30,0,127,70
30.41,27.41,0,255,144
31.30,26.57,0,127,70
32.20,25.77,0,255,144
15.00,90.00,0,127,70
15.03,86.19,0,0,0
15.13,82.41,0,0,0
15.30,78.69,0,0,0
15.52,75.07,0,0,0
15.81,71.57,255,106,0
16.16,68.20,0,0,0
16.55,64.98,0,0,0
17.00,61.93,0,0,0
17.49,59.04,0,0,0
18.03,56.31,0,0,0
18.60,53.75,0,0,0
19.21,51.34,0,0,0
19.85,49.09,0,0,0
20.52,46.97,255,106,0
21.21,45.00,0,0,0
21.93,43.15,0,0,0
22.67,41.42,0,0,0
23.43,39.81,0,0,0
24.21,38.29,0,0,0
25.00,36.87,0,0,0
25.81,35.54,0,0,0
26.63,34.29,255,106,0
27.46,33.11,0,0,0
28.30,32.01,0,0,0
29.15,30.96,0,0,0
30.02,29.98,0,0,0
30.89,29.05,0,255,144
31.76,28.18,0,127,70
32.65,27.35,0,255,144
16.00,90.00,0,127,70
16.03,86.42,0,255,144
16.12,82.87,0,127,70
16.28,79.38,0,0,0
16.49,75.96,0,0,0
16.76,72.65,255,106,0
17.09,69.44,0,0,0
17.46,66.37,0,0,0
17.89,63.43,0,0,0
18.36,60.64,0,0,0
18.87,57.99,0,0,0
19.42,55.49,0,0,0
20.00,53.13,0,0,0
20.62,50.91,0,0,0
21.26,48.81,255,106,0
21.93,46.85,0,0,0
22.63,45.00,0,0,0
23.35,43.26,0,0,0
24.08,41.63,0,0,0
24.84,40.10,0,0,0
25.61,38.66,0,0,0
26.40,37.30,0,0,0
27.20,36.03,255,106,0
28.02,34.82,0,0,0
28.84,33.69,0,0,0
29.68,32.62,0,0,0
30.53,31.61,0,0,0
31.38,30.65,0,0,0
32.25,29.74,0,0,0
33.12,28.89,0,255,144
17.00,90.00,0,127,70
17.03,86.63,0,255,144
17.12,83.29,0,127,70
17.26,79.99,0,255,144
17.46,76.76,0,127,70
17.72,73.61,255,106,0
18.03,70.56,0,0,0
18.38,67.62,0,0,0
18.79,64.80,0,0,0
19.24,62.10,0,0,0
19.72,59.53,0,0,0
20.25,57.09,0,0,0
20.81,54.78,0,0,0
21.40,52.59,0,0,0
22.02,50.53,255,106,0
22.67,48.58,0,0,0
23.35,46.74,0,0,0
24.04,45.00,0,0,0
24.76,43.36,0,0,0
25.50,41.82,0,0,0
26.25,40.36,0,0,0
27.02,38.99,0,0,0
27.80,37.69,255,106,0
28.60,36.47,0,0,0
29.41,35.31,0,0,0
30.23,34.22,0,0,0
31.06,33.18,0,0,0
31.91,32.20,0,0,0
32.76,31.26,0,0,0
33.62,30.38,0,0,0
18.00,90.00,0,127,70
18.03,86.82,0,255,144
18.11,83.66,0,127,70
18.25,80.54,0,255,144
18.44,77.47,0,127,70
18.68,74.48,0,255,144
18.97,71.57,0,127,70
19.31,68.75,0,0,0
19.70,66.04,0,0,0
20.12,63.43,0,0,0
20.59,60.95,0,0,0
21.10,58.57,0,0,0
21.63,56.31,0,0,0
22.20,54.16,0,0,0
22.80,52.13,255,106,0
23.43,50.19,0,0,0
24.08,48.37,0,0,0
24.76,46.64,0,0,0
25.46,45.00,0,0,0
26.17,43.45,0,0,0
26.91,41.99,0,0,0
27.66,40.60,0,0,0
28.43,39.29,255,106,0
29.21,38.05,0,0,0
30.00,36.87,0,0,0
30.81,35.75,0,0,0
31.62,34.70,0,0,0
32.45,33.69,0,0,0
33.29,32.74,0,0,0
34.13,31.83,0,0,0
19.00,90.00,0,0,0
19.03,86.99,0,0,0
19.10,83.99,0,127,70
19.24,81.03,0,255,144
19.42,78.11,0,127,70
19.65,75.26,0,255,144
19.92,72.47,0,127,70
20.25,69.78,0,255,144
20.62,67.17,0,127,70
21.02,64.65,0,0,0
21.47,62.24,0,0,0
21.95,59.93,0,0,0
22.47,57.72,0,0,0
23.02,55.62,0,0,0
23.60,53.62,255,106,0
24.21,51.71,0,0,0
24.84,49.90,0,0,0
25.50,48.18,0,0,0
26.17,46.55,0,0,0
26.87,45.00,0,0,0
27.59,43.53,0,0,0
28.32,42.14,0,0,0
29.07,40.82,255,106,0
29.83,39.56,0,0,0
30.61,38.37,0,0,0
31.40,37.23,0,0,0
32.20,36.16,0,0,0
33.02,35.13,0,0,0
33.84,34.16,0,0,0
34.67,33.23,0,0,0
20.00,90.00,0,0,0
20.02,87.14,0,0,0
20.10,84.29,0,0,0
20.22,81.47,0,0,0
20.40,78.69,0,127,70
20.62,75.96,0,255,144
20.88,73.30,0,127,70
21.19,70.71,0,255,144
21.54,68.20,0,127,70
21.93,65.77,0,255,144
22.36,63.43,0,127,70
22.83,61.19,0,0,0
23.32,59.04,0,0,0
23.85,56.98,0,0,0
24.41,55.01,255,106,0
25.00,53.13,0,0,0
25.61,51.34,0,0,0
26.25,49.64,0,0,0
26.91,48.01,0,0,0
27.59,46.47,0,0,0
28.28,45.00,0,0,0
29.00,43.60,0,0,0
29.73,42.27,255,106,0
30.48,41.01,0,0,0
31.24,39.81,0,0,0
32.02,38.66,0,0,0
32.80,37.57,0,0,0
33.60,36.53,0,0,0
34.41,35.54,0,0,0
35.23,34.59,0,0,0
21.00,90.00,0,0,0
21.02,87.27,0,0,0
21.10,84.56,0,0,0
21.21,81.87,0,0,0
21.38,79.22,0,0,0
21.59,76.61,0,0,0
21.84,74.05,0,127,70
22.14,71.57,0,255,144
22.47,69.15,0,127,70
22.85,66.80,0,255,144
23.26,64.54,0,127,70
23.71,62.35,0,255,144
24.19,60.26,0,127,70
24.70,58.24,0,0,0
25.24,56.31,255,106,0
25.81,54.46,0,0,0
26.40,52.70,0,0,0
27.02,51.01,0,0,0
27.66,49.40,0,0,0
28.32,47.86,0,0,0
29.00,46.40,0,0,0
29.70,45.00,0,0,0
30.41,43.67,255,106,0
31.14,42.40,0,0,0
31.89,41.19,0,0,0
32.65,40.03,0,0,0
33.42,38.93,0,0,0
34.21,37.87,0,0,0
35.00,36.87,0,0,0
35.81,35.91,0,0,0
22.00,90.00,0,0,0
22.02,87.40,0,0,0
22.09,84.81,0,0,0
22.20,82.23,0,0,0
22.36,79.70,0,0,0
22.56,77.20,0,0,0
22.80,74.74,0,0,0
23.09,72.35,0,255,144
23.41,70.02,0,127,70
23.77,67.75,0,255,144
24.17,65.56,0,127,70
24.60,63.43,0,255,144
25.06,61.39,0,127,70
25.55,59.42,0,255,144
26.08,57.53,0,127,70
26.63,55.71,0,0,0
27.20,53.97,0,0,0
27.80,52.31,0,0,0
28.43,50.71,0,0,0
29.07,49.18,0,0,0
29.73,47.73,0,0,0
30.41,46.33,0,0,0
31.11,45.00,255,106,0
31.83,43.73,0,0,0
32.56,42.51,0,0,0
33.30,41.35,0,0,0
34.06,40.24,0,0,0
34.83,39.17,0,0,0
35.61,38.16,0,0,0
36.40,37.18,0,0,0
23.00,90.00,0,0,0
23.02,87.51,0,0,0
23.09,85.03,0,0,0
23.19,82.57,0,0,0
23.35,80.13,0,0,0
23.54,77.74,0,0,0
23.77,75.38,0,0,0
24.04,73.07,0,0,0
24.35,70.82,0,0,0
24.70,68.63,0,255,144
25.08,66.50,0,127,70
25.50,64.44,0,255,144
25.94,62.45,0,127,70
26.42,60.52,0,255,144
26.93,58.67,0,127,70
27.46,56.89,0,255,144
28.02,55.18,0,127,70
28.60,53.53,0,0,0
29.21,51.95,0,0,0
29.83,50.44,0,0,0
30.48,48.99,0,0,0
31.14,47.60,0,0,0
31.83,46.27,255,106,0
32.53,45.00,0,0,0
33.24,43.78,0,0,0
33.97,42.61,0,0,0
34.71,41.50,0,0,0
35.47,40.43,0,0,0
36.24,39.40,0,0,0
37.01,38.42,0,0,0
24.00,90.00,0,0,0
24.02,87.61,0,0,0
24.08,85.24,0,0,0
24.19,82.87,0,0,0
24.33,80.54,0,0,0
24.52,78.23,0,0,0
24.74,75.96,0,0,0
25.00,73.74,0,0,0
25.30,71.57,0,0,0
25.63,69.44,0,0,0
26.00,67.38,0,0,0
26.40,65.38,0,255,144
26.83,63.43,0,127,70
27.29,61.56,0,255,144
27.78,59.74,0,127,70
28.30,57.99,0,255,144
28.84,56.31,0,127,70
29.41,54.69,0,255,144
30.00,53.13,0,127,70
30.61,51.63,0,0,0
31.24,50.19,0,0,0
31.89,48.81,0,0,0
32.56,47.49,255,106,0
33.24,46.22,0,0,0
33.94,45.00,0,0,0
34.66,43.83,0,0,0
35.38,42.71,0,0,0
36.12,41.63,0,0,0
36.88,40.60,0,0,0
37.64,39.61,0,0,0
25.00,90.00,0,0,0
25.02,87.71,0,0,0
25.08,85.43,0,0,0
25.18,83.16,0,0,0
25.32,80.91,0,0,0
25.50,78.69,0,0,0
25.71,76.50,0,0,0
25.96,74.36,0,0,0
26.25,72.26,0,0,0
26.57,70.20,0,0,0
26.93,68.20,0,0,0
27.31,66.25,0,0,0
27.73,64.36,0,0,0
28.18,62.53,0,255,144
28.65,60.75,0,127,70
29.15,59.04,0,255,144
29.68,57.38,0,127,70
30.23,55.78,0,255,144
30.81,54.25,0,127,70
31.40,52.77,0,255,144
32.02,51.34,0,127,70
32.65,49.97,0,0,0
33.30,48.65,255,106,0
33.97,47.39,0,0,0
34.66,46.17,0,0,0
35.36,45.00,0,0,0
36.07,43.88,0,0,0
36.80,42.80,0,0,0
37.54,41.76,0,0,0
38.29,40.76,0,0,0
26.00,90.00,0,0,0
26.02,87.80,0,0,0
26.08,85.60,0,0,0
26.17,83.42,0,0,0
26.31,81.25,0,0,0
26.48,79.11,0,0,0
26.68,77.01,0,0,0
26.93,74.93,0,0,0
27.20,72.90,0,0,0
27.51,70.91,0,0,0
27.86,68.96,0,0,0
28.23,67.07,0,0,0
28.64,65.22,0,0,0
29.07,63.43,0,0,0
29.53,61.70,0,127,70
30.02,60.02,0,255,144
30.53,58.39,0,127,70
31.06,56.82,0,255,144
31.62,55.30,0,127,70
32.20,53.84,0,255,144
32.80,52.43,0,127,70
33.42,51.07,0,255,144
34.06,49.76,0,127,70
34.71,48.50,0,0,0
35.38,47.29,0,0,0
36.07,46.12,0,0,0
36.77,45.00,0,0,0
37.48,43.92,0,0,0
38.21,42.88,0,0,0
38.95,41.88,0,0,0
27.00,90.00,0,0,0
27.02,87.88,0,0,0
27.07,85.76,0,0,0
27.17,83.66,0,0,0
27.29,81.57,0,0,0
27.46,79.51,0,0,0
27.66,77.47,0,0,0
27.89,75.47,0,0,0
28.16,73.50,0,0,0
28.46,71.57,0,0,0
28.79,69.68,0,0,0
29.15,67.83,0,0,0
29.55,66.04,0,0,0
29.97,64.29,0,0,0
30.41,62.59,0,0,0
30.89,60.95,0,0,0
31.38,59.35,0,127,70
31.91,57.80,0,255,144
32.45,56.31,0,127,70
33.02,54.87,0,255,144
33.60,53.47,0,127,70
34.21,52.13,0,255,144
34.83,50.83,0,127,70
35.47,49.57,0,255,144
36.12,48.37,0,127,70
36.80,47.20,0,0,0
37.48,46.08,0,0,0
38.18,45.00,0,0,0
38.90,43.96,0,0,0
39.62,42.95,0,0,0
28.00,90.00,0,0,0
28.02,87.95,0,0,0
28.07,85.91,0,0,0
28.16,83.88,0,0,0
28.28,81.87,0,0,0
28.44,79.88,0,0,0
28.64,77.91,0,0,0
28.86,75.96,0,0,0
29.12,74.05,0,0,0
29.41,72.18,0,0,0
29.73,70.35,0,0,0
30.08,68.55,0,0,0
30.46,66.80,0,0,0
30.87,65.10,0,0,0
31.30,63.43,0,0,0
31.76,61.82,0,0,0
32.25,60.26,0,0,0
32.76,58.74,0,0,0
33.29,57.26,0,127,70
33.84,55.84,0,255,144
34.41,54.46,0,127,70
35.00,53.13,0,255,144
35.61,51.84,0,127,70
36.24,50.60,0,255,144
36.88,49.40,0,127,70
37.54,48.24,0,255,144
38.21,47.12,0,127,70
38.90,46.04,0,0,0
39.60,45.00,0,0,0
40.31,43.99,0,0,0
29.00,90.00,0,0,0
29.02,88.03,0,0,0
29.07,86.05,0,0,0
29.15,84.09,0,0,0
29.27,82.15,0,0,0
29.43,80.22,0,0,0
29.61,78.31,0,0,0
29.83,76.43,0,0,0
30.08,74.58,0,0,0
30.36,72.76,0,0,0
30.68,70.97,0,0,0
31.02,69.23,0,0,0
31.38,67.52,0,0,0
31.78,65.85,0,0,0
32.20,64.23,0,0,0
32.65,62.65,0,0,0
33.12,61.11,0,0,0
33.62,59.62,0,0,0
34.13,58.17,0,0,0
34.67,56.77,0,0,0
35.23,55.41,72,0,255
35.81,54.09,178,0,255
36.40,52.82,72,0,255
37.01,51.58,178,0,255
37.64,50.39,72,0,255
38.29,49.24,178,0,255
38.95,48.12,72,0,255
39.62,47.05,178,0,255
40.31,46.01,72,0,255
41.01,45.00,0,0,0
